%
 -179.9700   -61.7100
 -179.2100   -61.5400
 -178.6600   -61.4200
 -178.1800   -61.3100
 -177.7500   -61.2000
 -177.3000   -61.0600
 -176.7600   -60.8900
 -176.2200   -60.7300
 -175.6500   -60.6100
 -175.1200   -60.5400
 -174.6300   -60.4900
 -174.0100   -60.4600
 -173.3100   -60.4700
 -172.6200   -60.4900
 -171.8500   -60.5300
 -171.0300   -60.5600
 -170.1600   -60.5800
 -169.5300   -60.5600
 -168.9300   -60.5200
 -168.3000   -60.4700
 -167.4800   -60.3600
 -166.7300   -60.2100
 -166.0600   -60.0800
 -165.4800   -59.9300
 -164.8100   -59.7700
 -164.1800   -59.6000
 -163.4900   -59.4200
 -162.7800   -59.2300
 -162.2300   -59.0900
 -161.6500   -58.9700
 -161.1500   -58.8700
 -160.5400   -58.7500
 -159.9700   -58.6300
 -159.1600   -58.4600
 -158.3200   -58.2600
 -157.6800   -58.1000
 -157.0900   -57.9400
 -156.5700   -57.7700
 -156.2800   -57.6600
 -156.1500   -57.6000
 -155.9200   -57.5500
 -155.5900   -57.5100
 -155.5200   -57.4800
 -155.3500   -57.4200
 -154.6700   -57.3700
 -154.3700   -57.2500
 -154.0100   -57.1000
 -153.5100   -56.9200
 -152.8900   -56.7100
 -152.1400   -56.5400
 -151.6300   -56.4500
 -151.3000   -56.3700
 -150.9600   -56.3000
 -150.7500   -56.2400
 -150.5100   -56.1700
 -150.2700   -56.0800
 -150.1700   -56.0500
 -150.0000   -55.9800
 -150.0000   -55.9800
 -149.9300   -55.9100
 -149.8200   -55.8800
 -149.5900   -55.8300
 -149.2300   -55.7700
 -148.8600   -55.7300
 -148.4800   -55.6700
 -148.0500   -55.6200
 -147.7300   -55.5900
 -147.4100   -55.5600
 -147.0400   -55.5300
 -146.6800   -55.5100
 -146.4000   -55.4900
 -146.0300   -55.4600
 -145.3600   -55.4500
 -145.0300   -55.4300
 -144.9100   -55.4500
 -144.6200   -55.4900
 -144.3900   -55.5300
 -144.1100   -55.6300
 -143.6900   -55.8400
 -143.3800   -56.0500
 -143.1000   -56.2200
 -142.9000   -56.3400
 -142.6300   -56.5300
 -142.3400   -56.7500
 -142.0700   -56.9600
 -141.7800   -57.1400
 -141.5200   -57.3000
 -141.2300   -57.4000
 -140.8500   -57.4900
 -140.4300   -57.6000
 -139.9700   -57.6800
 -139.4600   -57.7600
 -139.0200   -57.8800
 -138.5600   -58.0000
 -137.9700   -58.1300
 -137.4600   -58.2600
 -137.0200   -58.3400
 -136.5400   -58.3900
 -135.8600   -58.4700
 -135.1900   -58.5000
 -134.3900   -58.5000
 -133.5600   -58.5100
 -132.8700   -58.5400
 -132.1500   -58.6000
 -131.6300   -58.6500
 -131.1700   -58.7500
 -130.7700   -58.8800
 -130.3900   -59.0500
 -130.0900   -59.2100
 -129.7000   -59.3800
 -129.3100   -59.5300
 -128.9300   -59.6500
 -128.5200   -59.7600
 -128.0300   -59.9100
 -127.4700   -60.0400
 -126.8900   -60.1400
 -126.2600   -60.2000
 -125.7700   -60.2500
 -125.3300   -60.2700
 -124.7600   -60.2600
 -124.1400   -60.2200
 -123.5000   -60.1800
 -122.9100   -60.1700
 -122.2800   -60.2000
 -121.7400   -60.2600
 -121.2800   -60.3200
 -120.8100   -60.3600
 -120.1400   -60.4000
 -119.6400   -60.4900
 -119.3800   -60.6200
 -119.0300   -60.8100
 -118.6500   -61.0500
 -118.5100   -61.1800
 -118.4300   -61.2400
 -118.4300   -61.2500
 -118.3700   -61.2800
 -118.1600   -61.4200
 -117.9000   -61.6100
 -117.5200   -61.8200
 -116.9600   -62.0300
 -116.4800   -62.1400
 -115.9000   -62.1900
 -115.2300   -62.2000
 -114.5900   -62.1700
 -113.8200   -62.0700
 -113.0800   -61.9600
 -112.3200   -61.8600
 -111.6300   -61.7800
 -110.9500   -61.7400
 -110.3000   -61.7100
 -109.7800   -61.6900
 -109.2200   -61.6800
 -108.7200   -61.7100
 -108.3000   -61.7000
 -107.8800   -61.6300
 -107.5300   -61.4600
 -107.1900   -61.1800
 -106.8700   -60.9000
 -106.4900   -60.6100
 -106.2000   -60.3600
 -105.9200   -60.1400
 -105.4700   -59.9500
 -104.9800   -59.8300
 -104.5200   -59.8000
 -103.9100   -59.8400
 -103.3000   -60.0000
 -102.8900   -60.1900
 -102.5000   -60.4300
 -102.0100   -60.6900
 -101.5800   -60.8800
 -101.3000   -61.0200
 -100.8800   -61.1800
 -100.3100   -61.3100
  -99.7300   -61.3400
  -99.2600   -61.3400
  -98.9700   -61.3800
  -98.5800   -61.4800
  -98.1200   -61.6900
  -97.8000   -61.9300
  -97.5400   -62.1100
  -97.1700   -62.3300
  -96.7000   -62.5300
  -96.1500   -62.6000
  -95.7600   -62.6600
  -95.4700   -62.6800
  -94.9500   -62.6400
  -94.4100   -62.5300
  -93.9000   -62.3800
  -93.4800   -62.1800
  -93.0600   -61.9000
  -92.7300   -61.6700
  -92.3400   -61.4600
  -91.9200   -61.2600
  -91.5600   -61.0600
  -91.3000   -60.8800
  -91.0800   -60.7300
  -90.8200   -60.6000
  -90.5600   -60.4800
  -90.4300   -60.4300
  -90.3300   -60.3900
  -90.0900   -60.3400
  -89.9200   -60.3200
  -89.6900   -60.3700
  -89.5100   -60.5100
  -89.3300   -60.6300
  -89.1700   -60.7200
  -88.8800   -60.8000
  -88.3700   -60.9100
  -87.9800   -61.0300
  -87.5800   -61.2000
  -87.2400   -61.3900
  -86.9600   -61.5400
  -86.6300   -61.7500
  -86.2800   -61.9900
  -85.9900   -62.1700
  -85.6600   -62.3800
  -85.2600   -62.6600
  -84.9400   -62.8800
  -84.6200   -63.0700
  -84.2100   -63.2100
  -83.7000   -63.3200
  -83.1100   -63.4100
  -82.6700   -63.4400
  -82.2000   -63.3900
  -81.7700   -63.2600
  -81.4100   -63.1000
  -81.0700   -62.9500
  -80.7600   -62.8100
  -80.4900   -62.7100
  -80.1600   -62.6000
  -79.8000   -62.5100
  -79.4800   -62.4600
  -79.1700   -62.4200
  -78.8600   -62.4000
  -78.4300   -62.4600
  -78.0100   -62.5800
  -77.8300   -62.6400
  -77.8200   -62.6400
  -77.8200   -62.6500
  -77.7900   -62.6600
  -77.6400   -62.7500
  -77.4200   -62.8900
  -77.1000   -63.0500
  -76.7000   -63.2100
  -76.2300   -63.3700
  -75.8100   -63.4400
  -75.2900   -63.4600
  -74.7700   -63.4500
  -74.3200   -63.3800
  -73.9500   -63.2700
  -73.6200   -63.0600
  -73.4200   -62.8400
  -73.2700   -62.6100
  -73.1500   -62.3800
  -73.0700   -62.1700
  -72.9400   -61.9000
  -72.7800   -61.6600
  -72.5200   -61.4400
  -72.2700   -61.3100
  -72.0800   -61.2000
  -71.9000   -61.1000
  -71.6400   -60.9800
  -71.4000   -60.8900
  -71.0700   -60.8600
  -70.7000   -60.8500
  -70.4000   -60.8800
  -69.8700   -60.9600
  -69.2400   -61.0400
  -68.8100   -61.0700
  -68.5000   -61.0700
  -68.2000   -61.0400
  -67.9300   -61.0000
  -67.6900   -60.9600
  -67.4800   -60.8600
  -67.3500   -60.6800
  -67.2300   -60.4400
  -67.1400   -60.2100
  -67.0200   -60.0500
  -66.8200   -59.8900
  -66.5200   -59.7400
  -66.2000   -59.5900
  -65.8500   -59.4700
  -65.4300   -59.3600
  -65.0100   -59.3100
  -64.6300   -59.2600
  -64.1500   -59.1900
  -63.7800   -59.1300
  -63.4500   -59.0800
  -63.0700   -59.0000
  -62.6700   -58.8700
  -62.3100   -58.7700
  -61.9300   -58.7000
  -61.5600   -58.6400
  -61.2600   -58.5900
  -60.9000   -58.5300
  -60.6900   -58.5000
  -60.4700   -58.4300
  -60.2500   -58.3200
  -60.0900   -58.2300
  -60.0000   -58.1400
  -59.9400   -58.1300
  -59.8300   -58.0900
  -59.6200   -58.0300
  -59.4900   -58.0100
  -59.3000   -57.9700
  -59.1900   -57.9400
  -58.9600   -57.8900
  -58.7600   -57.8200
  -58.6400   -57.7500
  -58.4700   -57.6800
  -58.2600   -57.6200
  -58.0700   -57.5600
  -57.8200   -57.4700
  -57.7100   -57.4600
  -57.5500   -57.4400
  -57.5100   -57.4300
  -57.3400   -57.4600
  -56.9900   -57.4500
  -56.8100   -57.4200
  -56.5800   -57.3600
  -56.3600   -57.2800
  -56.1800   -57.1900
  -55.9700   -57.0800
  -55.7400   -56.9500
  -55.5000   -56.8400
  -55.3800   -56.7900
  -55.1600   -56.7500
  -54.9400   -56.7400
  -54.7500   -56.7200
  -54.6100   -56.7100
  -54.0700   -56.6400
  -53.7200   -56.5900
  -53.4500   -56.5200
  -53.2100   -56.4700
  -52.8400   -56.4700
  -52.2900   -56.4800
  -51.8300   -56.4900
  -51.2700   -56.4700
  -50.7500   -56.4500
  -50.4000   -56.4100
  -50.1200   -56.3600
  -49.8800   -56.3000
  -49.6700   -56.2600
  -49.5200   -56.2100
  -49.3900   -56.0600
  -49.3800   -55.9300
  -49.4400   -55.8300
  -49.5500   -55.7300
  -49.7600   -55.6100
  -49.9100   -55.5400
  -50.0500   -55.4800
  -50.2100   -55.4500
  -50.4200   -55.4000
  -50.4800   -55.3300
  -50.5400   -55.2100
  -50.5500   -55.1000
  -50.5100   -55.0100
  -50.4300   -54.9300
  -50.2300   -54.8000
  -49.9900   -54.6400
  -49.8400   -54.5100
  -49.6400   -54.2900
  -49.5000   -54.0700
  -49.3900   -53.8700
  -49.2800   -53.5900
  -49.2400   -53.4100
  -49.2500   -53.2200
  -49.2500   -53.0700
  -49.2400   -52.9300
  -49.2900   -52.7900
  -49.3900   -52.6700
  -49.5900   -52.5400
  -49.6700   -52.4300
  -49.6200   -52.2800
  -49.4900   -52.1600
  -49.4000   -51.9200
  -49.2800   -51.6200
  -49.1900   -51.3400
  -49.1400   -51.2100
  -49.0800   -51.0800
  -48.9600   -50.8600
  -48.9100   -50.7400
  -48.8600   -50.6700
  -48.6600   -50.4500
  -48.4700   -50.2700
  -48.3900   -50.1900
  -48.2800   -50.0500
  -48.1100   -49.9100
  -47.9200   -49.8400
  -47.7400   -49.7700
  -47.5200   -49.7100
  -47.2900   -49.6600
  -46.9200   -49.6300
  -46.5200   -49.5800
  -46.0800   -49.5400
  -45.5400   -49.5000
  -45.0100   -49.4900
  -44.5500   -49.5000
  -43.9300   -49.4800
  -43.4800   -49.4700
  -43.0600   -49.4500
  -42.6200   -49.4100
  -42.4500   -49.4100
  -42.2600   -49.3900
  -42.0300   -49.3800
  -41.7900   -49.3700
  -41.3500   -49.3700
  -40.9800   -49.3700
  -40.5600   -49.3400
  -40.2600   -49.3200
  -40.0800   -49.3100
  -39.8600   -49.2800
  -39.7700   -49.2700
  -39.5000   -49.2600
  -39.2800   -49.2600
  -39.0400   -49.3300
  -38.8800   -49.5000
  -38.8100   -49.6800
  -38.7400   -49.8500
  -38.6100   -49.9900
  -38.4200   -50.0900
  -38.1000   -50.1900
  -37.5200   -50.2900
  -37.0400   -50.3700
  -36.5600   -50.4500
  -36.2300   -50.5000
  -35.9200   -50.5200
  -35.6600   -50.5200
  -35.5100   -50.5100
  -35.2700   -50.4700
  -35.0000   -50.4000
  -34.7600   -50.3200
  -34.5500   -50.2000
  -34.3400   -50.0700
  -34.2600   -50.0000
  -34.1600   -49.8900
  -34.0400   -49.7300
  -33.9300   -49.6200
  -33.7700   -49.5300
  -33.6000   -49.4700
  -33.3200   -49.4400
  -33.0400   -49.4200
  -32.8100   -49.4000
  -32.5000   -49.3600
  -32.2100   -49.3300
  -31.8900   -49.3100
  -31.5300   -49.3000
  -31.2000   -49.3200
  -30.9800   -49.3400
  -30.7400   -49.3700
  -30.5600   -49.4100
  -30.4300   -49.4400
  -30.2200   -49.4700
  -29.9600   -49.5100
  -29.7300   -49.5600
  -29.4400   -49.6000
  -29.0600   -49.7000
  -28.6800   -49.8700
  -28.3700   -50.0600
  -28.0600   -50.2200
  -27.8100   -50.3500
  -27.6500   -50.4400
  -27.4600   -50.5900
  -27.2600   -50.7700
  -27.1100   -50.8600
  -26.8500   -51.0000
  -26.5600   -51.1100
  -26.3500   -51.1400
  -25.9700   -51.1300
  -25.6400   -51.1000
  -25.1800   -51.0800
  -24.8000   -51.0800
  -24.3800   -51.0700
  -24.1100   -51.0600
  -23.8100   -51.0500
  -23.5400   -51.0600
  -23.3700   -51.0700
  -23.0400   -51.1100
  -22.8800   -51.1300
  -22.6300   -51.2400
  -22.5200   -51.3800
  -22.4900   -51.5900
  -22.4600   -51.8200
  -22.4200   -52.0500
  -22.3400   -52.2400
  -22.2200   -52.3600
  -21.9900   -52.5000
  -21.7200   -52.6500
  -21.3800   -52.7300
  -20.8400   -52.7500
  -20.4600   -52.7200
  -20.0900   -52.6800
  -19.5600   -52.6000
  -18.9900   -52.5000
  -18.4700   -52.3800
  -17.8800   -52.2700
  -17.3000   -52.1200
  -16.8700   -52.0400
  -16.3700   -52.0200
  -15.9000   -51.9800
  -15.5000   -51.9200
  -14.9800   -51.8600
  -14.4800   -51.8400
  -13.9600   -51.8400
  -13.3500   -51.8100
  -12.8600   -51.7500
  -12.3300   -51.6300
  -11.8100   -51.4600
  -11.2600   -51.2600
  -10.7100   -51.0300
  -10.2700   -50.8100
   -9.8100   -50.5700
   -9.4400   -50.3700
   -9.0100   -50.1300
   -8.4500   -49.7500
   -8.1000   -49.4400
   -7.8100   -49.2400
   -7.6500   -49.1500
   -7.2800   -48.9500
   -7.0300   -48.8300
   -6.8100   -48.7400
   -6.4200   -48.6500
   -5.9500   -48.5800
   -5.5700   -48.5400
   -5.2000   -48.5200
   -4.6700   -48.5700
   -4.0400   -48.6900
   -3.4800   -48.7800
   -3.0600   -48.8400
   -2.6500   -48.9000
   -2.0700   -49.0100
   -1.4400   -49.1000
   -1.1300   -49.1600
   -0.8000   -49.2200
   -0.3000   -49.3000
    0.2400   -49.3500
    0.7500   -49.3800
    1.1500   -49.4100
    1.6900   -49.4600
    2.2700   -49.5800
    2.6900   -49.6900
    2.7600   -49.7200
    2.9300   -49.7900
    3.1200   -49.8700
    3.1900   -49.9200
    3.3300   -49.9400
    3.5600   -49.9800
    4.0200   -50.0300
    4.3400   -50.0600
    4.3800   -50.0600
    4.7900   -50.0900
    5.3500   -50.1000
    5.9800   -50.0900
    6.1300   -50.0900
    6.4700   -50.0500
    6.9300   -50.0000
    7.6900   -49.9300
    8.1700   -49.9100
    8.5200   -49.8800
    8.9100   -49.8500
    9.4500   -49.8200
   10.0500   -49.8200
   10.5500   -49.8200
   10.9800   -49.8000
   11.4900   -49.7900
   12.1000   -49.8000
   12.5000   -49.8200
   13.0900   -49.8600
   13.7600   -49.9000
   14.2800   -49.9100
   14.8900   -49.9100
   15.5100   -49.9000
   16.0200   -49.9000
   16.4900   -49.8500
   17.0900   -49.8100
   17.5800   -49.7700
   17.9800   -49.7600
   18.3100   -49.7400
   18.6000   -49.7300
   18.9200   -49.7000
   19.4400   -49.6600
   19.8800   -49.6100
   20.3400   -49.5400
   20.7000   -49.4600
   21.1500   -49.3800
   21.5300   -49.3500
   21.9600   -49.3300
   22.3800   -49.3300
   22.8100   -49.3300
   23.2200   -49.3100
   23.6500   -49.2900
   24.1200   -49.2700
   24.3800   -49.2700
   24.7600   -49.2700
   25.0100   -49.2700
   25.3800   -49.2600
   25.7100   -49.2600
   25.9700   -49.2900
   26.0000   -49.2900
   26.0900   -49.3000
   26.3900   -49.2800
   26.7200   -49.2400
   27.1200   -49.1700
   27.4800   -49.1000
   27.7800   -49.0300
   28.0900   -48.9600
   28.3400   -48.9200
   28.6300   -48.8600
   28.8200   -48.8200
   29.0500   -48.7600
   29.2000   -48.7300
   29.4000   -48.6800
   29.6400   -48.6400
   29.8100   -48.6000
   29.8300   -48.5900
   29.8700   -48.5800
   30.0000   -48.4600
   30.0000   -48.4600
   30.0300   -48.4500
   30.2100   -48.4400
   30.3400   -48.4300
   30.6300   -48.4200
   31.0100   -48.4300
   31.3600   -48.4400
   31.6700   -48.4300
   32.0200   -48.4000
   32.2800   -48.3800
   32.7300   -48.4000
   33.0100   -48.4100
   33.2400   -48.4200
   33.5600   -48.4800
   33.8900   -48.5600
   34.2100   -48.6500
   34.5100   -48.7800
   34.6900   -48.9100
   34.8500   -49.1200
   34.9700   -49.3300
   35.0300   -49.4700
   35.0900   -49.5900
   35.1300   -49.7700
   35.1200   -50.0300
   35.0400   -50.2800
   34.9100   -50.4600
   34.7600   -50.6100
   34.6400   -50.7400
   34.5100   -50.8400
   34.2100   -51.0300
   33.8500   -51.1800
   33.4500   -51.2900
   33.1500   -51.3700
   32.8900   -51.4200
   32.6700   -51.4400
   32.4400   -51.4600
   32.1800   -51.4800
   31.8600   -51.5300
   31.4900   -51.5700
   31.2300   -51.5900
   31.0200   -51.6200
   30.6300   -51.7400
   30.3900   -51.9100
   30.2300   -52.0600
   30.1200   -52.2500
   30.1000   -52.4600
   30.1700   -52.7300
   30.2500   -52.8400
   30.3400   -52.9200
   30.4500   -53.0200
   30.5700   -53.1000
   30.7600   -53.1800
   31.0600   -53.2100
   31.2900   -53.2200
   31.5300   -53.2200
   31.8000   -53.2200
   32.1000   -53.1800
   32.4200   -53.1400
   32.7800   -53.0800
   33.0800   -53.0400
   33.4500   -53.0200
   33.9300   -52.9900
   34.6000   -52.9200
   35.2400   -52.8300
   35.5800   -52.7700
   36.0700   -52.7000
   36.6600   -52.6000
   37.1800   -52.4900
   37.7100   -52.3700
   38.3700   -52.2500
   39.1500   -52.1000
   39.7900   -51.9500
   40.2800   -51.8100
   40.7000   -51.6900
   41.0800   -51.6000
   41.7000   -51.5200
   42.4900   -51.4600
   43.3300   -51.4400
   44.1000   -51.4600
   44.9200   -51.5500
   45.6400   -51.6300
   46.2300   -51.7000
   46.5100   -51.7500
   46.9600   -51.8400
   47.5700   -52.0200
   48.0100   -52.1800
   48.4800   -52.3300
   49.1200   -52.5100
   49.7200   -52.6900
   50.3900   -52.8300
   51.1300   -52.9000
   51.8400   -52.9900
   52.6600   -53.1100
   53.3600   -53.1900
   53.9500   -53.2400
   54.5200   -53.1900
   55.3000   -53.0100
   55.7900   -52.8300
   56.3300   -52.5500
   56.9500   -52.2500
   57.4400   -51.9700
   57.8900   -51.6800
   58.2400   -51.4100
   58.6900   -51.0800
   58.9500   -50.9000
   59.2000   -50.6900
   59.5000   -50.4900
   60.0000   -50.1600
   60.2500   -49.9000
   60.4900   -49.6300
   60.8900   -49.3500
   61.2900   -49.0700
   61.8300   -48.6700
   62.2200   -48.4300
   62.6200   -48.2200
   63.1400   -48.0800
   63.7500   -48.0100
   64.5700   -47.9800
   65.2600   -47.9500
   65.8200   -47.9400
   66.6300   -47.9200
   67.2300   -47.9100
   67.7800   -47.8600
   68.4400   -47.7300
   69.2200   -47.5800
   70.0100   -47.5100
   70.8600   -47.5000
   71.7500   -47.5300
   72.5300   -47.6000
   73.2400   -47.7000
   73.9100   -47.9100
   74.5300   -48.1300
   75.1600   -48.3300
   75.8200   -48.5300
   76.4800   -48.7500
   77.1900   -49.0100
   77.9100   -49.2800
   78.3000   -49.4400
   78.6300   -49.5700
   79.2800   -49.8800
   79.6100   -50.0500
   79.8700   -50.1900
   80.2800   -50.3300
   80.5500   -50.4100
   80.6700   -50.4700
   80.7100   -50.4800
   80.7200   -50.5000
   80.7800   -50.5200
   81.1700   -50.6000
   82.0200   -50.8500
   82.7700   -51.1100
   83.4400   -51.2800
   84.1800   -51.4500
   85.0600   -51.6700
   85.8400   -51.8100
   86.7300   -51.8700
   87.4300   -51.9200
   88.1700   -51.9300
   88.7600   -51.8900
   89.3500   -51.8100
   90.1200   -51.7800
   90.9200   -51.7200
   91.6100   -51.6200
   92.3400   -51.5000
   92.9800   -51.4300
   93.4300   -51.3500
   93.7600   -51.2700
   94.4400   -51.1900
   95.0900   -51.1900
   95.9200   -51.2700
   96.7600   -51.4600
   97.5100   -51.7900
   98.2300   -52.1800
   99.0800   -52.5300
  100.0700   -52.7300
  100.9400   -52.7800
  101.5600   -52.7900
  102.3100   -52.7900
  102.8300   -52.8000
  103.4300   -52.7900
  104.1100   -52.7900
  104.7900   -52.7400
  105.3800   -52.6700
  106.0000   -52.5900
  106.7500   -52.4600
  107.6300   -52.3200
  108.2200   -52.2300
  108.6400   -52.1500
  109.0800   -52.0900
  109.6300   -52.0500
  110.1500   -52.0500
  110.9700   -52.1000
  111.4600   -52.1300
  112.2400   -52.2000
  112.9400   -52.2400
  113.4900   -52.2500
  114.0400   -52.3100
  114.6000   -52.4600
  114.9600   -52.6100
  115.0000   -52.6400
  115.1100   -52.7000
  115.3400   -52.8500
  115.6500   -53.0100
  116.1900   -53.2700
  116.6600   -53.4000
  116.9400   -53.4500
  117.3600   -53.5400
  117.8800   -53.5800
  118.4300   -53.5800
  118.9200   -53.5600
  119.1000   -53.5600
  119.2800   -53.5800
  119.6200   -53.6300
  119.8500   -53.6500
  120.0000   -53.6600
  120.0000   -53.6600
  120.2100   -53.6800
  120.3600   -53.7300
  120.5000   -53.7600
  120.8200   -53.8400
  121.2100   -53.9600
  121.5700   -54.1200
  121.7500   -54.2300
  121.9600   -54.4200
  122.2000   -54.6400
  122.4500   -54.8300
  122.7200   -54.9900
  122.8900   -55.1000
  123.1100   -55.2500
  123.3400   -55.3400
  123.5900   -55.4200
  123.9400   -55.4400
  124.2800   -55.4500
  124.7000   -55.4900
  124.9400   -55.4900
  125.1700   -55.5100
  125.6000   -55.5500
  126.1500   -55.5800
  126.5000   -55.5800
  126.8600   -55.6000
  127.3700   -55.6300
  127.9400   -55.6700
  128.5600   -55.7300
  129.2400   -55.7700
  129.9700   -55.8300
  130.5700   -55.9100
  130.9200   -56.0100
  131.4300   -56.1400
  132.0000   -56.2300
  132.1300   -56.2400
  132.3200   -56.2700
  132.9300   -56.2900
  133.3400   -56.2700
  133.8300   -56.2100
  134.3400   -56.1300
  134.8200   -56.0700
  135.2700   -56.0200
  135.6600   -56.0000
  136.5100   -55.9300
  137.1600   -55.8400
  137.5500   -55.7800
  137.9700   -55.7200
  138.5600   -55.6800
  139.2400   -55.6800
  139.6500   -55.6900
  140.1600   -55.6900
  140.8200   -55.6900
  141.4800   -55.7400
  142.1300   -55.8700
  142.7100   -55.9800
  143.1900   -56.0900
  143.7800   -56.2300
  144.4300   -56.3600
  144.7400   -56.4100
  145.3500   -56.4200
  146.2300   -56.4100
  147.0600   -56.3500
  147.5900   -56.2900
  147.9700   -56.2500
  148.4000   -56.2200
  148.9800   -56.2200
  149.6900   -56.3100
  150.3500   -56.3800
  150.8400   -56.3900
  151.3300   -56.3900
  151.7800   -56.4100
  152.1800   -56.4100
  152.5700   -56.4300
  153.1200   -56.5000
  153.7100   -56.6000
  154.3800   -56.7600
  154.9000   -56.9200
  155.3300   -57.0500
  155.7200   -57.1800
  156.1200   -57.3400
  156.6800   -57.6000
  157.1800   -57.8600
  157.4800   -58.0500
  157.7800   -58.2200
  158.0000   -58.3600
  158.1700   -58.4500
  158.4600   -58.5800
  158.7100   -58.6900
  158.9600   -58.8100
  159.3400   -58.9900
  159.7200   -59.1600
  160.1600   -59.3200
  160.5100   -59.4700
  160.8200   -59.6200
  161.1400   -59.8100
  161.3700   -59.9400
  161.5800   -60.0500
  161.8800   -60.1500
  162.3000   -60.2300
  162.7900   -60.2100
  163.1900   -60.1500
  163.5900   -60.1000
  164.0100   -60.0800
  164.4900   -60.1100
  165.0400   -60.1700
  165.4300   -60.2100
  165.8300   -60.2800
  166.1900   -60.3600
  166.6100   -60.5300
  167.0500   -60.7100
  167.1200   -60.7300
  167.1200   -60.7400
  167.1400   -60.7600
  167.2800   -60.8100
  167.7300   -60.9600
  168.2000   -61.1600
  168.4800   -61.2800
  168.8700   -61.4200
  169.3500   -61.5400
  169.8000   -61.6300
  170.4800   -61.7500
  171.3000   -61.9000
  171.9200   -62.0000
  172.6100   -62.0800
  173.3000   -62.1700
  173.9600   -62.2600
  174.6400   -62.3400
  175.2900   -62.4100
  175.8500   -62.4500
  176.3800   -62.4900
  176.8000   -62.4800
  177.1500   -62.4400
  177.4700   -62.4000
  177.9000   -62.3100
  178.4500   -62.1600
  179.1600   -61.9500
%