%
 -179.6500   -64.5100
 -179.3300   -64.5600
 -179.3200   -64.5600
 -179.2200   -64.6000
 -178.6600   -64.6900
 -177.8200   -64.8000
 -177.0600   -64.8700
 -176.1900   -64.9500
 -175.3700   -65.0200
%    
 -174.7200   -65.0800
 -174.1200   -65.1100
 -173.5400   -65.0900
 -172.7900   -64.9600
 -171.9900   -64.7900
 -171.2300   -64.6300
 -170.3800   -64.4000
 -169.5900   -64.1600
 -168.6200   -63.9400
 -167.6900   -63.7600
 -166.7300   -63.5800
 -165.6800   -63.3900
 -164.8300   -63.2300
 -164.0500   -63.0800
 -163.3600   -63.0000
 -162.6800   -62.8900
 -161.9800   -62.7700
 -161.2400   -62.6800
 -160.3500   -62.5600
 -159.5600   -62.4500
 -158.7300   -62.2900
 -158.1300   -62.1300
 -157.6600   -62.0000
 -156.9400   -61.8400
 -156.1200   -61.6300
 -155.3600   -61.4000
 -154.5200   -61.1100
 -153.9800   -60.9200
 -153.3200   -60.6700
 -152.6800   -60.4600
 -152.0100   -60.2300
 -151.3200   -59.9900
 -150.9100   -59.8500
 -150.6400   -59.7400
 -150.3200   -59.6300
 -150.0000   -59.4500
 -150.0000   -59.4500
 -149.9300   -59.3500
 -149.8500   -59.3000
 -149.7300   -59.2100
 -149.5700   -59.0700
 -149.3300   -58.8800
 -149.1600   -58.7700
 -148.9400   -58.6600
 -148.6200   -58.5400
 -148.2500   -58.4200
 -147.9100   -58.3200
 -147.5300   -58.2600
 -147.0500   -58.2600
 -146.5100   -58.2600
 -145.9500   -58.2700
 -145.3700   -58.2900
 -144.7900   -58.3300
 -144.2900   -58.3800
 -143.8600   -58.4900
 -143.4900   -58.6200
 -143.1200   -58.8100
 -142.6700   -59.0800
 -142.3300   -59.3000
 -142.0600   -59.5000
 -141.8300   -59.7100
 -141.5800   -59.8900
 -141.3300   -60.0300
 -141.0600   -60.1700
 -140.7500   -60.3100
 -140.4000   -60.4800
 -140.1200   -60.5500
 -139.7000   -60.5500
 -139.3000   -60.5100
 -138.9600   -60.3900
 -138.5800   -60.2100
 -138.2100   -60.0100
 -137.7900   -59.8000
 -137.3700   -59.6300
 -136.8400   -59.4900
 -136.3900   -59.4600
 -135.9600   -59.5700
 -135.5200   -59.7100
 -134.9700   -59.8900
 -134.4900   -60.1000
 -134.1200   -60.2700
 -133.8100   -60.3900
 -133.3900   -60.5300
 -133.0400   -60.6600
 -132.8200   -60.7500
 -132.5700   -60.8400
 -132.2700   -60.9500
 -131.9700   -61.1200
 -131.5600   -61.3000
 -131.1700   -61.4000
 -130.6900   -61.4700
 -130.3000   -61.5700
 -129.9200   -61.7000
 -129.5200   -61.8300
 -129.0000   -61.9700
 -128.6500   -62.1200
 -128.4200   -62.2900
 -128.2100   -62.5900
 -128.0300   -62.9200
 -127.9200   -63.2100
 -127.8600   -63.4400
 -127.7300   -63.6900
 -127.5900   -63.9500
 -127.4100   -64.2000
 -127.0800   -64.3900
 -126.5400   -64.5600
 -125.8300   -64.7000
 -125.1800   -64.7900
 -124.7300   -64.8400
 -124.5600   -64.8500
 -124.2800   -64.8700
 -123.8500   -64.9600
 -123.1900   -65.0800
 -122.5800   -65.1500
 -121.7900   -65.2300
 -120.9100   -65.3300
 -120.3400   -65.4000
 -119.8900   -65.4400
 -119.1700   -65.4700
 -118.5800   -65.4700
 -118.3400   -65.4700
 -117.8400   -65.4700
 -116.9400   -65.4800
 -116.0000   -65.5000
 -115.2400   -65.5100
 -114.4900   -65.5600
 -113.3900   -65.7000
 -112.5100   -65.8300
 -111.9100   -65.9400
 -111.0200   -66.1000
 -110.1800   -66.3000
 -109.3800   -66.5300
 -108.7400   -66.7600
 -108.0200   -67.0000
 -107.3200   -67.1900
 -106.5600   -67.3400
 -105.8900   -67.5500
 -105.2900   -67.7600
 -104.6000   -67.9600
 -103.9100   -68.1600
 -103.4000   -68.3100
 -102.9400   -68.4300
 -102.1800   -68.6400
 -101.4800   -68.8500
 -100.7300   -69.0700
  -99.9500   -69.2800
  -99.4300   -69.4100
  -98.9000   -69.5400
  -98.4300   -69.6600
  -97.7600   -69.7200
  -97.0300   -69.6900
  -96.3400   -69.6200
  -95.6100   -69.5500
  -94.9400   -69.5000
  -94.1700   -69.4500
  -93.5000   -69.4200
  -92.8400   -69.4100
  -92.2000   -69.3900
  -91.4300   -69.3400
  -90.7900   -69.2600
  -90.1400   -69.1300
  -89.3700   -68.9600
  -88.5400   -68.7500
  -87.7800   -68.5500
  -87.0500   -68.4200
  -86.3700   -68.3100
  -85.5800   -68.1900
  -84.8200   -68.0800
  -84.1600   -67.9700
  -83.4200   -67.8200
  -82.5600   -67.6400
  -82.1500   -67.5500
  -82.1400   -67.5500
  -82.0300   -67.5300
  -81.7400   -67.4900
  -81.2200   -67.4100
  -80.6000   -67.2800
  -79.9500   -67.1400
  -79.3100   -67.0200
  -78.5900   -66.8700
  -77.8400   -66.7500
  -77.1100   -66.6300
  -76.2100   -66.4800
  -75.2600   -66.3100
  -74.3700   -66.1600
  -73.6100   -66.0100
  -72.8700   -65.8100
  -72.1200   -65.5800
  -71.4200   -65.3300
  -70.6900   -65.0300
  -70.2100   -64.7600
  -69.8900   -64.4100
  -69.6300   -64.0500
  -69.2600   -63.6500
  -68.9100   -63.3100
  -68.4900   -63.0000
  -68.0500   -62.8100
  -67.5900   -62.7400
  -67.0300   -62.6900
  -66.7200   -62.6200
  -66.1300   -62.5700
  -65.6500   -62.5300
  -65.1100   -62.4500
  -64.5800   -62.3300
  -64.1000   -62.1700
  -63.6300   -62.0500
  -63.1500   -61.9500
  -62.7400   -61.8500
  -62.3200   -61.7400
  -61.8400   -61.5800
  -61.3100   -61.4100
  -60.7900   -61.2500
  -60.3600   -61.1600
  -60.0000   -61.0900
  -59.8600   -61.0500
  -59.6800   -61.0100
  -59.4900   -60.9600
  -59.2800   -60.9200
  -58.9900   -60.8900
  -58.8700   -60.8800
  -58.5500   -60.8200
  -58.4200   -60.8100
  -58.2400   -60.8300
  -57.9900   -60.8600
  -57.7300   -60.8700
  -57.6200   -60.9300
  -57.5100   -60.8700
  -57.4400   -60.8100
  -57.4200   -60.7300
  -57.4800   -60.6400
  -57.6000   -60.5500
  -57.7100   -60.5100
  -57.8900   -60.4600
  -58.1000   -60.4400
  -58.3700   -60.3800
  -58.5900   -60.3300
  -58.8400   -60.2400
  -59.0100   -60.1200
  -59.0500   -60.0400
  -59.0400   -59.8600
  -58.9800   -59.6600
  -58.9200   -59.5200
  -58.8100   -59.4800
  -58.6400   -59.4100
  -58.4000   -59.3400
  -58.2100   -59.3000
  -57.9800   -59.2600
  -57.6500   -59.1500
  -57.3000   -59.0500
  -56.9000   -59.0000
  -56.4700   -58.9900
  -56.0200   -58.9700
  -55.5200   -58.9600
  -54.9400   -58.9500
  -54.5200   -58.9400
  -54.1000   -58.9000
  -53.7100   -58.8900
  -53.2700   -58.8700
  -52.6600   -58.8500
  -52.1200   -58.7900
  -51.7900   -58.7300
  -51.5000   -58.6800
  -51.2000   -58.6300
  -50.8100   -58.5700
  -50.4500   -58.5100
  -50.2100   -58.4600
  -50.0600   -58.4300
  -49.8500   -58.4000
  -49.5200   -58.2900
  -49.2800   -58.1600
  -49.0700   -58.0000
  -48.8800   -57.8300
  -48.6800   -57.7000
  -48.4800   -57.6200
  -48.0200   -57.5100
  -47.4600   -57.4300
  -47.2500   -57.4100
  -46.9600   -57.3900
  -46.6300   -57.3800
  -46.2400   -57.3800
  -45.7100   -57.3700
  -45.3800   -57.3700
  -45.0100   -57.3600
  -44.7500   -57.3500
  -44.4700   -57.3100
  -44.1000   -57.2300
  -43.8300   -57.2000
  -43.7200   -57.1800
  -43.3300   -57.1500
  -42.8500   -57.1400
  -42.4200   -57.1700
  -42.0300   -57.2600
  -41.6800   -57.3700
  -41.3800   -57.4700
  -41.0400   -57.5700
  -40.6800   -57.6800
  -40.3700   -57.8200
  -40.2100   -57.9200
  -40.0400   -58.0000
  -39.8000   -58.0400
  -39.4900   -58.0500
  -39.1800   -58.1000
  -38.9900   -58.1400
  -38.8200   -58.1700
  -38.5900   -58.2100
  -38.4200   -58.2500
  -38.1900   -58.2800
  -38.0100   -58.2800
  -37.7300   -58.2700
  -37.5700   -58.2300
  -37.4600   -58.1700
  -37.4100   -58.1300
  -37.2800   -58.0400
  -37.1200   -57.9100
  -37.0100   -57.8100
  -36.9100   -57.7200
  -36.7100   -57.6000
  -36.4700   -57.5000
  -36.2800   -57.4500
  -36.0500   -57.4100
  -35.6800   -57.3900
  -35.4900   -57.3800
  -35.2600   -57.3800
  -35.0100   -57.3800
  -34.7800   -57.3600
  -34.4900   -57.3200
  -34.2700   -57.2900
  -34.0700   -57.2600
  -33.9400   -57.2300
  -33.8800   -57.2200
  -33.7500   -57.1600
  -33.6200   -57.0700
  -33.5500   -56.9700
  -33.4700   -56.8700
  -33.3700   -56.7800
  -33.3200   -56.7000
  -33.3200   -56.5700
  -33.3300   -56.4100
  -33.3200   -56.2400
  -33.3600   -56.0700
  -33.4200   -55.9300
  -33.4200   -55.8300
  -33.4300   -55.7300
  -33.4000   -55.5600
  -33.4400   -55.3400
  -33.4800   -55.2700
  -33.5100   -55.1800
  -33.6300   -54.9900
  -33.6800   -54.9400
  -33.7800   -54.8900
  -33.9900   -54.7400
  -34.1900   -54.5600
  -34.3500   -54.3800
  -34.5200   -54.2200
  -34.6800   -54.1200
  -34.9700   -53.9600
  -35.1500   -53.8500
  -35.3100   -53.7300
  -35.4300   -53.6000
  -35.5000   -53.5000
  -35.6600   -53.3900
  -35.8600   -53.3400
  -36.2300   -53.2900
  -36.6700   -53.2900
  -37.1300   -53.2800
  -37.6000   -53.2600
  -38.1000   -53.2700
  -38.4200   -53.2600
  -38.7800   -53.2000
  -39.1000   -53.0900
  -39.4300   -52.9600
  -39.8400   -52.8000
  -40.2600   -52.7100
  -40.6600   -52.6700
  -41.1000   -52.6000
  -41.4600   -52.5600
  -41.8700   -52.5300
  -42.2600   -52.5300
  -42.4000   -52.5200
  -42.5300   -52.4800
  -42.6400   -52.3900
  -42.6700   -52.3200
  -42.6500   -52.2400
  -42.5900   -52.1600
  -42.5000   -52.1100
  -42.3200   -52.0300
  -42.1100   -51.9700
  -41.8100   -51.9400
  -41.5200   -51.9500
  -41.3200   -51.9600
  -40.9400   -51.9600
  -40.4300   -51.9600
  -40.0900   -51.9800
  -40.0300   -51.9900
  -39.7900   -52.0400
  -39.3600   -52.1000
  -39.2100   -52.1100
  -39.0000   -52.1300
  -38.6000   -52.1600
  -38.1800   -52.1900
  -37.6800   -52.2100
  -37.2000   -52.2000
  -36.8300   -52.2000
  -36.3900   -52.2900
  -36.0300   -52.4800
  -35.8400   -52.6200
  -35.6100   -52.7300
  -35.4100   -52.7800
  -35.1500   -52.7500
  -34.9200   -52.6800
  -34.6400   -52.5200
  -34.5300   -52.3500
  -34.5200   -52.2000
  -34.5600   -52.0200
  -34.6000   -51.8200
  -34.6000   -51.6700
  -34.5500   -51.5600
  -34.3500   -51.4100
  -34.1000   -51.3000
  -33.8900   -51.2300
  -33.4600   -51.1300
  -33.0500   -51.0900
  -32.5100   -51.0800
  -32.1200   -51.0600
  -31.7400   -51.0500
  -31.4900   -51.0600
  -31.1700   -51.0800
  -30.8100   -51.1400
  -30.3500   -51.2500
  -29.9300   -51.3800
  -29.5700   -51.5300
  -29.2400   -51.6900
  -28.8500   -51.8700
  -28.5600   -52.0300
  -28.2200   -52.2000
  -27.8400   -52.3400
  -27.3200   -52.5000
  -26.8600   -52.6500
  -26.3300   -52.8400
  -25.6600   -53.0200
  -25.3500   -53.1000
  -25.0000   -53.2000
  -24.5300   -53.3000
  -24.0400   -53.4000
  -23.5300   -53.5600
  -23.2400   -53.6800
  -22.9700   -53.8700
  -22.7100   -54.1100
  -22.3400   -54.4300
  -22.0100   -54.6900
  -21.7500   -54.8500
  -21.3600   -55.0900
  -21.0400   -55.3600
  -20.6800   -55.6300
  -20.4500   -55.8200
  -20.1200   -56.1100
  -19.7700   -56.4200
  -19.5000   -56.6700
  -19.1600   -57.0100
  -18.8700   -57.2700
  -18.5000   -57.5300
  -18.1200   -57.7500
  -17.6700   -57.9800
  -17.3800   -58.1100
  -16.9900   -58.2000
  -16.4000   -58.2700
  -15.9200   -58.3000
  -15.4400   -58.3300
  -14.8400   -58.3000
  -14.3500   -58.2400
  -14.0300   -58.1600
  -13.6100   -58.0400
  -13.2300   -57.8800
  -12.7700   -57.6600
  -12.3500   -57.4400
  -12.2800   -57.4000
  -12.1600   -57.3300
  -12.0700   -57.2700
  -12.0300   -57.2600
  -11.7800   -57.1700
  -11.3700   -57.0000
  -10.9700   -56.8300
  -10.5700   -56.6800
  -10.2100   -56.5300
   -9.7500   -56.3100
   -9.2800   -56.0400
   -8.9100   -55.8400
   -8.7600   -55.7700
   -8.5500   -55.6200
   -8.4500   -55.5200
   -8.3800   -55.4800
   -8.3300   -55.4000
   -8.1900   -55.2400
   -7.9100   -54.9700
   -7.5100   -54.6100
   -7.2300   -54.2800
   -6.9600   -54.0100
   -6.8000   -53.8300
   -6.4300   -53.5100
   -6.1200   -53.2800
   -5.9100   -53.1500
   -5.5600   -52.9700
   -5.1400   -52.7500
   -4.8500   -52.6000
   -4.6400   -52.5100
   -4.2000   -52.3900
   -3.5700   -52.2700
   -2.9700   -52.1800
   -2.3900   -52.1600
   -1.9000   -52.1700
   -1.4600   -52.2100
   -1.0300   -52.2500
   -0.3500   -52.3500
    0.2300   -52.4100
    0.6100   -52.4300
    1.1600   -52.4200
    1.8400   -52.4100
    2.3600   -52.4100
    2.9200   -52.4000
    3.4200   -52.3900
    3.9500   -52.3900
    4.9300   -52.4200
    5.8400   -52.4600
    6.3800   -52.4500
    6.6300   -52.4500
    6.8700   -52.4600
    7.1400   -52.4800
    7.3500   -52.4700
    7.6400   -52.4600
    8.1400   -52.4100
    8.6600   -52.3900
    9.2300   -52.3900
    9.8100   -52.3500
   10.4800   -52.2800
   10.7900   -52.2400
   11.1400   -52.2300
   11.7500   -52.2000
   12.5600   -52.1900
   13.2100   -52.1300
   13.8600   -52.0600
   14.1900   -52.0100
   14.6500   -51.9500
   15.2000   -51.9000
   15.9400   -51.8300
   16.8600   -51.8000
   17.1700   -51.8000
   17.5200   -51.7500
   17.9100   -51.7000
   18.3900   -51.6600
   18.9100   -51.6300
   19.5600   -51.6200
   20.2800   -51.6500
   20.7400   -51.6700
   21.2700   -51.6800
   21.9400   -51.7400
   22.6200   -51.8100
   23.1900   -51.8700
   23.7800   -51.9000
   24.2600   -51.9300
   24.7000   -51.9600
   25.1900   -52.0400
   25.7100   -52.0900
   26.2000   -52.2000
   26.6600   -52.3600
   26.9400   -52.4900
   26.9700   -52.5200
   27.0200   -52.5700
   27.1700   -52.7300
   27.3000   -52.8400
   27.3900   -52.9100
   27.5500   -53.0700
   27.6800   -53.2700
   27.7900   -53.5000
   27.9000   -53.7300
   27.9800   -53.9200
   28.0200   -54.0400
   28.1100   -54.1800
   28.2000   -54.3900
   28.2700   -54.5800
   28.3800   -54.8000
   28.4900   -55.0300
   28.9200   -55.4800
   29.2600   -55.6800
   29.4500   -55.7800
   29.6500   -55.8800
   29.8400   -55.9800
   29.9100   -56.0100
   30.0000   -56.0900
   30.0000   -56.0900
   30.0700   -56.1700
   30.1700   -56.2100
   30.2900   -56.2400
   30.5800   -56.3000
   30.9300   -56.3500
   31.4800   -56.4400
   32.0400   -56.4700
   32.5900   -56.4800
   33.0700   -56.5300
   33.4500   -56.5900
   33.9400   -56.6500
   34.5300   -56.6800
   35.0400   -56.7400
   35.6300   -56.8300
   36.2000   -56.9100
   36.8200   -57.0100
   37.2800   -57.1800
   37.5900   -57.3600
   38.0400   -57.5200
   38.5800   -57.6500
   38.9800   -57.7800
   39.3400   -57.9300
   39.8700   -58.0700
   40.4500   -58.1700
   40.9100   -58.2700
   41.5100   -58.3900
   42.1300   -58.5300
   42.8300   -58.6900
   43.5000   -58.8400
   43.9500   -58.9400
   44.3200   -59.0500
   44.7000   -59.1800
   45.0800   -59.3100
   45.4900   -59.4300
   45.8800   -59.5300
   46.2200   -59.6100
   46.6300   -59.7100
   47.0500   -59.8200
   47.5600   -59.9500
   48.1500   -60.1000
   48.8500   -60.2100
   49.6600   -60.3100
   50.3200   -60.4000
   50.9800   -60.4700
   51.7300   -60.5600
   52.6000   -60.6400
   53.3700   -60.7400
   54.0800   -60.8700
   54.7600   -61.0500
   55.1700   -61.1400
   55.4900   -61.1900
   56.0100   -61.2600
   56.7000   -61.3900
   57.4500   -61.5500
   58.1000   -61.7000
   58.1800   -61.7200
   58.1900   -61.7300
   58.2800   -61.7700
   58.4500   -61.8100
   58.9500   -61.9400
   59.9700   -62.1600
   60.7100   -62.3300
   61.3200   -62.4500
   61.9500   -62.5500
   62.7800   -62.6700
   63.7000   -62.7600
   64.4500   -62.8500
   65.1800   -63.0100
   65.8900   -63.1400
   66.5400   -63.2300
   67.2400   -63.3000
   67.9800   -63.3700
   68.8900   -63.4400
   69.7400   -63.4900
   70.4100   -63.5100
   70.8400   -63.5100
   71.3000   -63.4900
   71.8100   -63.4700
   72.3200   -63.4500
   72.8700   -63.4200
   73.3800   -63.3800
   73.8600   -63.3100
   74.2500   -63.2700
   74.7800   -63.2100
   75.3600   -63.1500
   75.9100   -63.1000
   76.5200   -63.0800
   77.0400   -63.1000
   77.5200   -63.1500
   77.9700   -63.2600
   78.3900   -63.4400
   78.5500   -63.6500
   78.7200   -63.8700
   78.9800   -64.0200
   79.1900   -64.1100
   79.4400   -64.2400
   79.7100   -64.3400
   80.0900   -64.4100
   80.4900   -64.4400
   80.9500   -64.4400
   81.3700   -64.4000
   81.7800   -64.3100
   82.3100   -64.1700
   82.7600   -64.0300
   83.1300   -63.9100
   83.5100   -63.8100
   83.8000   -63.7300
   84.0800   -63.6400
   84.3700   -63.5300
   84.6300   -63.3900
   84.7900   -63.2500
   84.9200   -63.0900
   84.9600   -62.8700
   84.9100   -62.6600
   84.8800   -62.4600
   84.8300   -62.1800
   84.7600   -61.9500
   84.6700   -61.7500
   84.5700   -61.4900
   84.5500   -61.2200
   84.6300   -60.9100
   84.6700   -60.7100
   84.6800   -60.4300
   84.6000   -60.1200
   84.5700   -59.8600
   84.5300   -59.6700
   84.4100   -59.4500
   84.2200   -59.2700
   84.0500   -59.1100
   83.9200   -58.9000
   84.0100   -58.6600
   84.1700   -58.4500
   84.3700   -58.2900
   84.6200   -58.1800
   84.8900   -58.0900
   85.2800   -58.0200
   85.6800   -58.0100
   86.1300   -58.0700
   86.5200   -58.2000
   86.8400   -58.4300
   87.0500   -58.7500
   87.1900   -58.9500
   87.3500   -59.1600
   87.6000   -59.3600
   88.0400   -59.5400
   88.4800   -59.6700
   88.7400   -59.7300
   89.1000   -59.7500
   89.5500   -59.7300
   89.9700   -59.6800
   90.3300   -59.5900
   90.7900   -59.3900
   91.1700   -59.1600
   91.4400   -58.9700
   91.7700   -58.7500
   92.0100   -58.5400
   92.3200   -58.3100
   92.8400   -57.9700
   93.0800   -57.7700
   93.3100   -57.5500
   93.5700   -57.3600
   93.9000   -57.1900
   94.3300   -57.0300
   94.7100   -56.9300
   95.0500   -56.8700
   95.5100   -56.8700
   96.0800   -56.9900
   96.7000   -57.1600
   97.3500   -57.3000
   97.8000   -57.4300
   98.3500   -57.6400
   98.8500   -57.8200
   99.4600   -58.0000
  100.1700   -58.1700
  100.6400   -58.2800
  101.2400   -58.4200
  101.8800   -58.5300
  102.5800   -58.6700
  103.3000   -58.8200
  103.8500   -58.9200
  104.7200   -59.0700
  105.3500   -59.1700
  105.8800   -59.2100
  106.5300   -59.2300
  107.3400   -59.2800
  108.1000   -59.3100
  108.8000   -59.3300
  109.5400   -59.3600
  110.3000   -59.4400
  110.9400   -59.5200
  111.6000   -59.6900
  112.3700   -59.9200
  113.1000   -60.1500
  113.7200   -60.3000
  114.4000   -60.4300
  115.1700   -60.5400
  115.8000   -60.5900
  116.4200   -60.6300
  116.6900   -60.6500
  116.8600   -60.6700
  117.0900   -60.6900
  117.4100   -60.7200
  117.8400   -60.7700
  118.2800   -60.8200
  118.8300   -60.8900
  119.3600   -60.9300
  119.7700   -60.9700
  119.9200   -61.0000
  120.0000   -61.0100
  120.0000   -61.0100
  120.0300   -60.9800
  120.1100   -61.0000
  120.3400   -61.0100
  120.5600   -61.0300
  120.8800   -61.0500
  121.3800   -61.0900
  121.9500   -61.1000
  122.4400   -61.1000
  122.9100   -61.1100
  123.3900   -61.1400
  123.9500   -61.1700
  124.4800   -61.1700
  124.9600   -61.1700
  125.3900   -61.1900
  125.8600   -61.2200
  126.3900   -61.2500
  126.8500   -61.3100
  127.1700   -61.4200
  127.5600   -61.6000
  128.0000   -61.7700
  128.3700   -61.9000
  128.6700   -62.0100
  128.9700   -62.1500
  129.3100   -62.3300
  129.5700   -62.4500
  129.7800   -62.5400
  130.1600   -62.6800
  130.7400   -62.8600
  131.2900   -63.0000
  131.7700   -63.0800
  132.1100   -63.1500
  132.6200   -63.2500
  133.4100   -63.3400
  134.2100   -63.3800
  134.7700   -63.4000
  135.3800   -63.4500
  136.2100   -63.5000
  137.0700   -63.5500
  137.9100   -63.6000
  138.7300   -63.6300
  139.4500   -63.6800
  140.0400   -63.6800
  140.7100   -63.6700
  141.5300   -63.6500
  142.2600   -63.6300
  142.9100   -63.6000
  143.4400   -63.5500
  143.9200   -63.4600
  144.4200   -63.3300
  144.8300   -63.2300
  145.1600   -63.1900
  145.7900   -63.2300
  146.3300   -63.3000
  146.9400   -63.3800
  147.7300   -63.5100
  148.5700   -63.6400
  149.2000   -63.7300
  149.7400   -63.7800
  150.5000   -63.7900
  151.1800   -63.7300
  151.9100   -63.6000
  152.6500   -63.4400
  153.2800   -63.3300
  154.0900   -63.2000
  155.0100   -63.0500
  155.7100   -62.9100
  156.5400   -62.6800
  157.1600   -62.4500
  157.7300   -62.2700
  158.3200   -62.0800
  158.9600   -61.9100
  159.7100   -61.7400
  160.6500   -61.5800
  161.4000   -61.4700
  161.9100   -61.4200
  162.3800   -61.3900
  162.9400   -61.4400
  163.7100   -61.5900
  164.4400   -61.7400
  165.2000   -61.8600
  166.0200   -61.9900
  166.9300   -62.1200
  167.7600   -62.2500
  168.6900   -62.3700
  169.6200   -62.4900
  170.4000   -62.6400
  170.8600   -62.7600
  171.4300   -62.9300
  171.9900   -63.1500
  172.6900   -63.3900
  173.3100   -63.5700
  173.7900   -63.7400
  174.2300   -63.8900
  174.6600   -64.0200
  175.0100   -64.1200
  175.4700   -64.2500
  175.9200   -64.3600
  176.4200   -64.3900
  177.0000   -64.3400
  177.4700   -64.2800
  177.9300   -64.2400
  178.4400   -64.2400
  178.9700   -64.3000
  179.7000   -64.4100
%    
   81.7000   -54.4300
   81.7400   -54.3900
   81.7400   -54.3900
   81.7900   -54.3600
   81.9400   -54.3200
   82.1200   -54.2700
   82.2800   -54.2300
   82.4700   -54.1700
   82.6500   -54.1400
   82.8400   -54.1500
   83.0700   -54.1900
   83.3000   -54.2200
   83.5800   -54.2500
   83.9900   -54.3300
   84.2700   -54.4400
   84.5800   -54.5500
   84.9100   -54.7100
   85.1300   -54.8400
   85.3300   -55.0200
   85.4700   -55.1500
   85.6100   -55.2900
   85.7200   -55.4700
   85.8000   -55.6600
   85.8200   -55.8400
   85.7900   -56.0200
   85.7100   -56.1700
   85.5600   -56.3000
   85.3600   -56.4100
   85.0800   -56.4800
   84.8100   -56.4900
   84.4700   -56.4700
   84.2000   -56.4100
   83.9700   -56.3100
   83.7600   -56.1800
   83.5700   -56.0400
   83.2800   -55.8800
   83.0200   -55.7600
   82.7500   -55.6800
   82.4100   -55.6000
   82.1700   -55.5100
   81.9300   -55.4000
   81.6400   -55.2400
   81.4700   -55.0800
   81.3800   -54.9600
   81.3500   -54.8100
   81.4000   -54.6700
   81.5100   -54.5500
   81.6600   -54.4600
   81.7000   -54.4300
%    
 -135.1800   -62.4800
 -135.0800   -62.4600
 -134.9600   -62.4400
 -134.7500   -62.4400
 -134.4900   -62.4700
 -134.1600   -62.5400
 -133.7900   -62.6500
 -133.4600   -62.7400
 -133.1000   -62.8500
 -132.7400   -63.0300
 -132.4100   -63.2500
 -132.3000   -63.4500
 -132.3800   -63.7000
 -132.5600   -63.9400
 -132.9100   -64.1100
 -133.4300   -64.2700
 -134.0800   -64.3700
 -134.7100   -64.4400
 -135.3300   -64.4100
 -135.9600   -64.3200
 -136.4600   -64.2500
 -137.0100   -64.1300
 -137.5300   -63.9200
 -137.7700   -63.6900
 -137.8600   -63.4600
 -137.8000   -63.3100
 -137.5600   -63.1300
 -137.2300   -63.0000
 -136.8100   -62.8500
 -136.4900   -62.7300
 -136.2200   -62.6700
 -135.8700   -62.5900
 -135.5000   -62.5300
 -135.2500   -62.4800
 -135.1800   -62.4800
%    