%
 -179.9100   -56.8400
 -179.3000   -56.7900
 -178.7100   -56.7400
 -178.0200   -56.7200
 -177.3800   -56.7500
 -176.5900   -56.8100
 -175.8500   -56.8800
 -175.4500   -56.9200
 -174.8000   -57.0100
 -174.0100   -57.1100
 -173.3900   -57.1800
 -172.7500   -57.1600
 -172.1900   -57.1200
 -171.6400   -57.0700
 -170.9400   -56.9900
 -170.2400   -56.8800
 -169.5600   -56.7500
 -168.8100   -56.6000
 -168.1600   -56.4500
 -167.5000   -56.2400
 -166.7100   -55.9600
 -166.0400   -55.7000
 -165.3600   -55.4000
 -164.6800   -55.1000
 -164.1600   -54.9200
 -163.7200   -54.7700
 -163.2600   -54.5600
 -162.7200   -54.3000
 -162.1000   -54.0300
 -161.6300   -53.8400
 -161.1300   -53.6700
 -160.4600   -53.5300
 -159.8800   -53.4500
 -159.1500   -53.4100
 -158.6300   -53.4000
 -158.0100   -53.4500
 -157.3500   -53.5400
 -156.4900   -53.6900
 -155.9200   -53.8100
 -155.4400   -53.9000
 -154.8000   -54.0000
 -154.5800   -54.0300
 -154.5300   -54.0300
 -154.4700   -54.0500
 -154.4400   -54.0500
 -154.3300   -54.1000
 -153.7400   -54.2700
 -152.9700   -54.4000
 -152.2900   -54.4600
 -151.7900   -54.5400
 -151.2900   -54.6100
 -150.8500   -54.6500
 -150.4800   -54.6700
 -150.3300   -54.6800
 -150.1700   -54.6900
 -150.1100   -54.6800
 -150.0500   -54.6700
 -150.0000   -54.6600
 -150.0000   -54.6600
 -149.8500   -54.5200
 -149.6800   -54.5000
 -149.5300   -54.4600
 -149.1400   -54.4000
 -148.6600   -54.3500
 -148.3400   -54.3000
 -147.9800   -54.2200
 -147.5200   -54.1400
 -147.2500   -54.0900
 -147.1400   -54.0700
 -146.9100   -54.0300
 -146.6900   -53.9600
 -146.4200   -53.9000
 -146.1200   -53.8300
 -145.8200   -53.7800
 -145.4400   -53.7000
 -145.1700   -53.6300
 -144.9700   -53.6000
 -144.7200   -53.5700
 -144.4700   -53.5700
 -144.2600   -53.6200
 -144.0800   -53.6900
 -144.0100   -53.7300
 -143.9100   -53.7800
 -143.7500   -53.8800
 -143.4300   -54.1300
 -143.2200   -54.3000
 -143.0400   -54.4700
 -142.8200   -54.6600
 -142.4800   -54.9400
 -142.1600   -55.2000
 -141.8900   -55.4500
 -141.6000   -55.6900
 -141.3600   -55.8500
 -141.1500   -55.9700
 -141.0100   -56.0400
 -140.8000   -56.1700
 -140.5800   -56.3200
 -140.3500   -56.4400
 -140.0600   -56.5700
 -139.7900   -56.7100
 -139.5500   -56.8400
 -139.3400   -56.9500
 -139.1400   -57.0400
 -138.8400   -57.1000
 -138.2800   -57.1500
 -137.7200   -57.1700
 -137.2400   -57.1800
 -136.7900   -57.1800
 -136.3900   -57.1400
 -136.0600   -57.1300
 -135.5700   -57.1200
 -135.1400   -57.1000
 -134.8300   -57.0600
 -134.5800   -57.0100
 -134.1800   -56.9000
 -133.7300   -56.7200
 -133.4800   -56.5700
 -133.3000   -56.4300
 -133.0400   -56.2600
 -132.7500   -56.1200
 -132.3000   -55.9900
 -131.7500   -55.8600
 -131.3500   -55.7500
 -130.9900   -55.6600
 -130.6100   -55.5700
 -130.1900   -55.4900
 -129.7300   -55.4600
 -129.2100   -55.4800
 -128.7100   -55.5200
 -128.3800   -55.5600
 -127.9600   -55.6200
 -127.1900   -55.7400
 -126.5000   -55.8600
 -125.9400   -55.9700
 -125.5400   -56.0400
 -125.0100   -56.0900
 -124.4800   -56.1500
 -123.7900   -56.3000
 -123.0900   -56.4500
 -122.4300   -56.5800
 -121.5400   -56.7500
 -120.9300   -56.8800
 -120.4300   -56.9700
 -119.8000   -57.0600
 -119.2200   -57.1700
 -118.7100   -57.3100
 -118.1400   -57.4500
 -117.6200   -57.5600
 -117.0100   -57.6700
 -116.5000   -57.7600
 -116.4500   -57.7800
 -116.4200   -57.8000
 -116.3500   -57.8100
 -115.9400   -57.8800
 -115.4100   -57.9600
 -114.9300   -58.0200
 -114.3200   -58.0700
 -113.8700   -58.0800
 -113.3400   -58.0300
 -112.6700   -57.9600
 -112.1200   -57.8800
 -111.7600   -57.8200
 -111.2000   -57.7400
 -110.6600   -57.6900
 -110.0900   -57.6500
 -109.6300   -57.6100
 -109.1900   -57.5900
 -108.6300   -57.5300
 -108.0600   -57.4600
 -107.3600   -57.3500
 -106.8100   -57.2300
 -106.2300   -57.1000
 -105.6600   -57.0100
 -104.9500   -56.9500
 -104.2200   -56.9100
 -103.4700   -56.8700
 -102.8800   -56.8600
 -102.3100   -56.8400
 -101.5600   -56.8200
 -101.1300   -56.8200
 -100.5200   -56.8000
  -99.7900   -56.8000
  -99.2600   -56.8100
  -98.5800   -56.8700
  -97.8800   -56.9400
  -97.2000   -57.0100
  -96.5600   -57.1000
  -95.9100   -57.2200
  -95.2200   -57.3500
  -94.6300   -57.4600
  -93.8300   -57.6200
  -93.0300   -57.7900
  -92.7200   -57.8500
  -92.2200   -57.9400
  -91.7100   -57.9900
  -91.3300   -58.0000
  -91.1200   -58.0200
  -90.8200   -58.0200
  -90.5700   -58.0000
  -90.2800   -57.9500
  -89.9200   -57.8500
  -89.6300   -57.7800
  -89.3200   -57.6900
  -89.1400   -57.6700
  -88.9200   -57.6600
  -88.4400   -57.6900
  -87.8200   -57.7500
  -87.2000   -57.8200
  -87.0300   -57.8500
  -87.0300   -57.8500
  -87.0400   -57.8500
  -87.0300   -57.8600
  -86.8700   -57.9300
  -86.5700   -57.9700
  -86.0300   -58.0900
  -85.5600   -58.2000
  -85.2200   -58.2900
  -84.7300   -58.4200
  -84.2700   -58.5200
  -83.8000   -58.6500
  -83.4100   -58.7500
  -82.9000   -58.8900
  -82.5000   -59.0700
  -82.1100   -59.2400
  -81.7100   -59.4100
  -81.3500   -59.5800
  -80.9200   -59.7500
  -80.5900   -59.8600
  -80.2400   -59.9300
  -79.8400   -59.9800
  -79.4700   -60.0200
  -79.1700   -60.0300
  -78.8400   -60.0400
  -78.4500   -60.0300
  -77.9600   -59.9600
  -77.5500   -59.8800
  -77.1500   -59.8100
  -76.6900   -59.7200
  -76.1200   -59.6000
  -75.7800   -59.5200
  -75.3200   -59.4400
  -74.9100   -59.3800
  -74.4400   -59.3100
  -73.9300   -59.2200
  -73.4400   -59.1300
  -73.0100   -59.0000
  -72.6800   -58.8900
  -72.2000   -58.7500
  -71.8200   -58.6300
  -71.5700   -58.5800
  -71.2100   -58.5200
  -70.7800   -58.4500
  -70.3800   -58.3400
  -70.0100   -58.1600
  -69.7500   -57.9900
  -69.5400   -57.8900
  -69.3100   -57.7900
  -69.0800   -57.7100
  -68.8200   -57.6000
  -68.6300   -57.5400
  -68.5200   -57.5100
  -68.4500   -57.5000
  -68.3100   -57.4900
  -68.1700   -57.4900
  -67.9100   -57.5100
  -67.5800   -57.5300
  -67.3400   -57.5400
  -67.0300   -57.5200
  -66.8400   -57.5000
  -66.6300   -57.4800
  -66.2700   -57.4300
  -65.9900   -57.3900
  -65.7600   -57.3500
  -65.5600   -57.3000
  -65.3300   -57.2700
  -64.9700   -57.2200
  -64.7400   -57.1800
  -64.5800   -57.1400
  -64.3800   -57.0300
  -64.2800   -56.9100
  -64.1900   -56.7700
  -64.0900   -56.6100
  -64.0200   -56.3900
  -63.9900   -56.1900
  -63.9600   -56.0000
  -63.9300   -55.8700
  -63.8200   -55.7200
  -63.7100   -55.6200
  -63.5600   -55.5100
  -63.3700   -55.4000
  -63.2000   -55.3200
  -63.1000   -55.2900
  -63.0100   -55.2600
  -62.9300   -55.2500
  -62.6900   -55.2500
  -62.3900   -55.2900
  -62.2600   -55.3300
  -62.0800   -55.3900
  -61.8600   -55.4300
  -61.7300   -55.4600
  -61.4700   -55.4600
  -61.2000   -55.4400
  -60.9500   -55.4400
  -60.7000   -55.5000
  -60.4600   -55.5700
  -60.3000   -55.6300
  -60.1800   -55.6800
  -60.0600   -55.7000
  -60.0000   -55.8700
  -59.9800   -55.8600
  -59.9000   -55.8600
  -59.7900   -55.8600
  -59.7000   -55.8500
  -59.6300   -55.8400
  -59.5300   -55.8400
  -59.3100   -55.8300
  -59.1800   -55.8300
  -59.0400   -55.8100
  -58.9100   -55.8000
  -58.7400   -55.8100
  -58.5800   -55.8200
  -58.3600   -55.8200
  -58.2100   -55.8100
  -58.0600   -55.8000
  -57.8500   -55.7900
  -57.6900   -55.7700
  -57.5200   -55.7400
  -57.3400   -55.7000
  -57.1900   -55.6700
  -57.0800   -55.6500
  -56.9800   -55.6200
  -56.8200   -55.5800
  -56.6800   -55.5200
  -56.5200   -55.4400
  -56.4200   -55.4000
  -56.3200   -55.3400
  -56.1900   -55.2500
  -56.1300   -55.2000
  -56.0600   -55.1500
  -56.0000   -55.1000
  -55.8800   -55.0800
  -55.7500   -55.0700
  -55.5800   -55.0300
  -55.4500   -54.9800
  -55.3300   -54.9600
  -55.1800   -54.9300
  -55.0100   -54.8900
  -54.9200   -54.7900
  -54.9100   -54.6700
  -54.9400   -54.5500
  -54.9400   -54.4300
  -54.9600   -54.3100
  -55.0300   -54.1400
  -55.1400   -54.0600
  -55.2200   -53.9500
  -55.2500   -53.8800
  -55.2900   -53.8200
  -55.3500   -53.7400
  -55.4700   -53.6600
  -55.5700   -53.6000
  -55.6500   -53.5400
  -55.7400   -53.4900
  -55.8500   -53.4600
  -56.0000   -53.4300
  -56.1800   -53.4000
  -56.3600   -53.3600
  -56.4800   -53.3400
  -56.6300   -53.3000
  -56.7800   -53.2800
  -56.9600   -53.2700
  -57.1100   -53.2700
  -57.2900   -53.2600
  -57.3900   -53.2400
  -57.4700   -53.2300
  -57.4900   -53.2000
  -57.5000   -53.1400
  -57.4700   -53.0900
  -57.4100   -53.0400
  -57.3400   -52.9900
  -57.2100   -52.9500
  -56.9900   -52.8800
  -56.8100   -52.7800
  -56.7000   -52.7100
  -56.4700   -52.5700
  -56.2800   -52.4500
  -56.1800   -52.3900
  -56.0900   -52.3300
  -55.8400   -52.2000
  -55.6800   -52.1300
  -55.5300   -52.0500
  -55.3100   -51.9400
  -55.1500   -51.8200
  -55.0100   -51.7200
  -54.8800   -51.6400
  -54.7200   -51.5300
  -54.5800   -51.3900
  -54.5000   -51.2700
  -54.4300   -51.1300
  -54.3700   -51.0000
  -54.2800   -50.9100
  -54.1500   -50.8100
  -54.0100   -50.6800
  -53.8900   -50.5700
  -53.8100   -50.4700
  -53.7400   -50.3400
  -53.7000   -50.2400
  -53.6900   -50.1400
  -53.6900   -49.9600
  -53.6900   -49.8600
  -53.7000   -49.7900
  -53.7100   -49.7300
  -53.8000   -49.6300
  -53.9000   -49.5500
  -54.0300   -49.4600
  -54.2300   -49.3500
  -54.4500   -49.2100
  -54.6400   -49.1300
  -54.8600   -49.0500
  -54.9900   -48.9900
  -55.2000   -48.9200
  -55.5200   -48.8300
  -55.7100   -48.7900
  -55.8500   -48.7400
  -56.0500   -48.6800
  -56.2400   -48.6100
  -56.4200   -48.5500
  -56.7500   -48.4700
  -56.9500   -48.4600
  -57.2200   -48.4400
  -57.5700   -48.4200
  -57.9500   -48.4100
  -58.1800   -48.3700
  -58.3100   -48.3000
  -58.5200   -48.1900
  -58.6400   -48.0900
  -58.8200   -47.8900
  -58.9000   -47.7300
  -58.9400   -47.5600
  -58.9800   -47.4400
  -59.0200   -47.2700
  -59.0300   -47.1100
  -58.9900   -46.9900
  -58.9100   -46.8400
  -58.8500   -46.7400
  -58.7900   -46.6100
  -58.7600   -46.4900
  -58.7700   -46.3000
  -58.7900   -46.1200
  -58.8100   -45.8900
  -58.8200   -45.6500
  -58.8100   -45.4800
  -58.8000   -45.3500
  -58.7800   -45.1700
  -58.7300   -44.9500
  -58.6700   -44.7100
  -58.6000   -44.4300
  -58.5000   -44.1700
  -58.4000   -43.9300
  -58.3000   -43.6800
  -58.2100   -43.4900
  -58.0800   -43.2900
  -57.9500   -43.0800
  -57.7800   -42.8400
  -57.6500   -42.6700
  -57.5100   -42.5000
  -57.3600   -42.3500
  -57.2000   -42.1800
  -57.0100   -42.0000
  -56.8300   -41.8100
  -56.6100   -41.6300
  -56.3500   -41.4900
  -56.0700   -41.3900
  -55.8500   -41.3200
  -55.6500   -41.2600
  -55.4400   -41.2400
  -55.2100   -41.2300
  -55.0400   -41.2400
  -54.8500   -41.3000
  -54.6400   -41.3900
  -54.5700   -41.4500
  -54.4600   -41.5900
  -54.3900   -41.7400
  -54.3200   -41.9300
  -54.2800   -42.0900
  -54.2500   -42.2600
  -54.2500   -42.4400
  -54.2600   -42.6500
  -54.3500   -43.1000
  -54.3900   -43.3900
  -54.4400   -43.7400
  -54.4600   -44.0200
  -54.4500   -44.2500
  -54.4500   -44.4200
  -54.4600   -44.6300
  -54.4800   -44.8900
  -54.4900   -45.0800
  -54.4900   -45.2300
  -54.5000   -45.4600
  -54.5100   -45.7600
  -54.5200   -46.0000
  -54.5500   -46.2600
  -54.6300   -46.5800
  -54.7000   -46.8200
  -54.7400   -47.0600
  -54.7400   -47.3500
  -54.6600   -47.6500
  -54.5300   -47.9000
  -54.4100   -48.0200
  -54.2000   -48.1600
  -53.7500   -48.3800
  -53.4000   -48.5100
  -53.2400   -48.5600
  -52.9100   -48.6600
  -52.4800   -48.7900
  -52.0200   -48.9000
  -51.5600   -48.9300
  -51.1300   -48.9700
  -50.7100   -49.0200
  -50.3700   -49.0700
  -49.7200   -49.1400
  -49.1700   -49.2000
  -48.8200   -49.2400
  -48.2600   -49.2400
  -47.7800   -49.2200
  -47.3500   -49.1700
  -46.7900   -49.0900
  -46.4600   -49.0200
  -46.0100   -48.9600
  -45.5700   -48.9600
  -45.0800   -48.9600
  -44.3700   -48.9900
  -43.9800   -48.9900
  -43.6000   -49.0200
  -42.9700   -49.1300
  -42.6600   -49.1700
  -42.3500   -49.1100
  -42.0200   -49.0300
  -41.8400   -48.9100
  -41.6000   -48.7400
  -41.1900   -48.5500
  -40.8500   -48.4900
  -40.4200   -48.5900
  -40.1300   -48.6600
  -39.7600   -48.6600
  -39.2900   -48.6200
  -38.7300   -48.6100
  -38.3600   -48.6100
  -38.0000   -48.6600
  -37.6100   -48.7800
  -37.3300   -49.0100
  -37.1000   -49.3000
  -37.0000   -49.4700
  -36.8800   -49.6500
  -36.7100   -49.8800
  -36.4400   -50.0800
  -36.0800   -50.1600
  -35.6700   -50.1900
  -35.2800   -50.1700
  -34.9900   -50.1100
  -34.7100   -49.9800
  -34.5500   -49.7800
  -34.4800   -49.5600
  -34.4700   -49.3600
  -34.5000   -49.1600
  -34.6100   -49.0100
  -34.8400   -48.9500
  -35.0900   -48.9200
  -35.2800   -48.8900
  -35.5000   -48.8400
  -35.8200   -48.7400
  -36.0100   -48.6600
  -36.0600   -48.5400
  -36.0700   -48.4300
  -36.0300   -48.3000
  -35.8900   -48.1500
  -35.6900   -48.0600
  -35.4000   -48.0100
  -34.9800   -47.9900
  -34.4000   -47.9800
  -33.9000   -47.9900
  -33.5000   -48.0100
  -32.9500   -48.0500
  -32.4200   -48.0700
  -31.9200   -48.1200
  -31.3900   -48.2000
  -31.1000   -48.2400
  -30.8600   -48.2700
  -30.5800   -48.2400
  -30.4400   -48.2000
  -30.3200   -48.1000
  -30.3000   -47.9100
  -30.4800   -47.6900
  -30.8100   -47.5000
  -30.9800   -47.3600
  -31.0400   -47.2500
  -31.0600   -47.1100
  -31.0700   -46.8900
  -31.0900   -46.6700
  -31.1600   -46.4400
  -31.3400   -46.3200
  -31.6600   -46.1700
  -31.8500   -46.0000
  -31.9000   -45.7800
  -31.7500   -45.5600
  -31.5500   -45.4000
  -31.3900   -45.3600
  -31.1700   -45.3900
  -30.9200   -45.4700
  -30.7500   -45.5600
  -30.4200   -45.6700
  -30.1800   -45.7700
  -30.0600   -45.8600
  -29.8300   -46.0500
  -29.6300   -46.2200
  -29.5400   -46.3000
  -29.4600   -46.4200
  -29.4100   -46.6200
  -29.3800   -46.8600
  -29.3400   -47.0700
  -29.2400   -47.2500
  -29.0700   -47.3700
  -28.8600   -47.4700
  -28.6300   -47.6100
  -28.3700   -47.6800
  -28.1500   -47.7400
  -27.8400   -47.7700
  -27.3800   -47.7500
  -26.9500   -47.7100
  -26.5000   -47.7200
  -25.9500   -47.7100
  -25.4900   -47.6900
  -24.8900   -47.6300
  -24.5300   -47.5900
  -24.1200   -47.5200
  -23.6000   -47.4600
  -23.2000   -47.3800
  -22.6200   -47.2600
  -22.3000   -47.1400
  -21.9500   -46.9900
  -21.4600   -46.8000
  -21.1200   -46.7000
  -20.5800   -46.6100
  -20.1800   -46.5600
  -19.9300   -46.5700
  -19.5900   -46.6200
  -19.3500   -46.7000
  -19.2700   -46.7300
  -19.0400   -46.8900
  -18.8100   -47.0900
  -18.4800   -47.3400
  -18.1000   -47.5000
  -17.5900   -47.6000
  -17.1100   -47.7000
  -16.7300   -47.8300
  -16.2700   -48.0000
  -16.0000   -48.1300
  -15.8400   -48.2100
  -15.4600   -48.3700
  -14.9300   -48.5600
  -14.5900   -48.7200
  -14.2800   -48.8100
  -13.6500   -48.8400
  -13.2200   -48.8200
  -13.0800   -48.8400
  -12.7600   -48.8600
  -12.5900   -48.8600
  -12.2500   -48.8300
  -11.8600   -48.7200
  -11.5400   -48.5200
  -11.3200   -48.3300
  -11.2200   -48.0700
  -10.9300   -47.6700
  -10.5700   -47.3200
  -10.4600   -47.2000
  -10.4200   -47.1800
  -10.4200   -47.1800
  -10.4000   -47.1700
  -10.3900   -47.1300
  -10.1400   -46.8900
   -9.5200   -46.5700
   -9.1400   -46.4000
   -8.7400   -46.3000
   -8.2000   -46.2200
   -7.4100   -46.1900
   -6.8300   -46.1700
   -6.2400   -46.1400
   -5.7200   -46.1100
   -5.2700   -46.0800
   -4.3900   -46.0500
   -3.9500   -46.0400
   -3.9000   -46.0300
   -3.8900   -46.0200
   -3.6500   -46.0300
   -3.2500   -46.0600
   -2.7600   -46.0100
   -2.1600   -45.9000
   -1.4700   -45.8200
   -1.0300   -45.7800
   -0.4100   -45.7300
    0.0600   -45.7100
    0.7200   -45.6800
    1.3900   -45.6600
    1.5100   -45.6700
    1.5300   -45.6700
    1.6100   -45.7100
    1.8800   -45.8700
    2.2800   -46.1100
    2.6200   -46.3200
    2.9100   -46.5500
    3.2800   -46.8400
    3.5700   -47.0600
    3.7900   -47.2400
    4.1500   -47.4900
    4.5400   -47.7500
    5.0400   -48.0000
    5.5200   -48.1600
    6.1700   -48.2400
    6.8500   -48.2900
    7.5000   -48.3000
    8.3500   -48.2900
    8.8600   -48.2700
    9.6200   -48.2600
   10.5700   -48.2500
   11.2000   -48.2500
   11.8300   -48.2500
   12.4300   -48.2700
   13.1900   -48.3100
   13.9200   -48.3500
   14.6500   -48.3400
   15.3500   -48.2700
   16.0200   -48.1600
   16.5000   -48.1000
   17.0100   -48.0000
   17.5000   -47.9000
   17.9700   -47.8000
   18.4000   -47.7200
   18.8600   -47.6600
   19.2000   -47.6000
   19.5300   -47.5400
   19.8400   -47.5000
   20.2400   -47.4800
   20.3800   -47.4400
   20.8100   -47.2700
   21.0300   -47.1700
   21.2700   -47.0700
   21.5100   -46.9800
   21.7800   -46.9100
   21.9900   -46.8600
   22.4700   -46.8000
   22.7900   -46.7800
   23.4800   -46.7000
   24.0900   -46.6500
   24.6600   -46.6100
   25.2100   -46.6200
   25.7500   -46.6800
   26.1400   -46.7600
   26.6000   -46.9100
   27.1900   -47.0900
   27.7600   -47.2900
   28.2800   -47.4800
   28.6200   -47.6000
   28.9500   -47.7200
   29.2600   -47.8400
   29.5000   -47.9200
   29.6700   -47.9900
   29.7100   -48.0300
   29.7500   -48.0400
   29.8000   -48.0500
   29.9900   -48.0600
   30.0000   -48.0200
   30.0000   -48.0200
   30.0200   -47.9900
   30.0500   -48.0100
   30.1600   -48.0300
   30.3200   -48.0400
   30.5200   -48.0400
   30.5800   -48.0500
   30.6500   -48.0500
   31.0000   -48.1000
   31.0900   -48.1100
   31.2500   -48.1100
   31.6400   -48.1200
   32.1400   -48.0800
   32.3000   -48.0800
   32.5100   -48.1100
   32.6700   -48.1200
   32.8900   -48.1100
   33.2500   -48.1200
   33.5100   -48.1300
   33.7300   -48.1500
   34.0400   -48.2000
   34.2500   -48.2400
   34.4800   -48.3100
   34.7700   -48.3700
   35.0200   -48.4400
   35.3300   -48.5000
   35.6400   -48.5500
   35.9200   -48.5600
   36.2900   -48.5700
   36.8800   -48.5800
   37.2700   -48.6000
   37.8000   -48.6200
   38.3300   -48.6200
   38.8600   -48.6000
   39.4600   -48.5900
   40.0400   -48.5800
   40.4600   -48.5800
   41.0400   -48.5600
   41.6300   -48.5200
   42.1800   -48.4700
   42.7600   -48.4100
   43.3800   -48.3400
   43.9400   -48.2600
   44.4600   -48.1700
   45.0200   -48.0500
   45.5000   -47.9300
   45.9900   -47.8100
   46.3100   -47.7400
   46.5400   -47.6700
   46.8300   -47.5700
   47.0600   -47.4800
   47.3800   -47.3500
   47.6400   -47.1500
   47.7900   -46.9900
   47.9300   -46.7600
   48.1000   -46.5300
   48.3100   -46.2500
   48.5800   -45.9800
   48.9500   -45.7000
   49.3700   -45.5000
   49.8200   -45.3500
   50.2500   -45.2400
   50.6900   -45.1900
   51.2800   -45.2000
   51.8900   -45.2600
   52.5500   -45.3600
   53.2700   -45.5500
   53.9600   -45.8000
   54.5300   -46.0400
   55.1200   -46.2600
   55.7000   -46.4400
   56.2500   -46.5500
   56.9100   -46.6400
   57.6200   -46.6900
   58.2200   -46.7100
   58.8600   -46.7100
   59.5300   -46.6400
   60.2200   -46.5000
   60.8700   -46.2900
   61.4600   -46.0700
   62.0700   -45.8000
   62.7000   -45.5800
   63.3800   -45.4000
   64.1600   -45.2900
   64.9400   -45.2000
   65.7500   -45.1000
   66.3000   -45.0100
   66.8100   -44.9900
   67.4300   -44.9900
   67.5900   -44.9900
   67.7700   -44.9900
   67.9900   -45.0300
   68.4600   -44.9500
   68.5800   -44.9500
   68.7400   -44.9900
   69.2100   -45.0900
   70.0000   -45.2300
   70.8700   -45.3500
   71.6300   -45.4900
   72.2500   -45.7300
   72.9800   -46.0700
   73.7200   -46.3100
   74.6400   -46.4900
   75.6600   -46.6600
   76.8300   -46.8300
   77.8100   -46.9700
   78.7000   -47.1100
   79.6100   -47.2700
   80.5800   -47.4000
   81.5300   -47.4900
   82.2600   -47.5200
   82.8800   -47.5500
   83.6700   -47.5800
   84.6600   -47.6300
   85.5100   -47.6900
   85.9400   -47.7400
   86.5300   -47.8100
   87.2700   -47.9600
   88.0200   -48.1200
   88.6900   -48.2400
   89.3100   -48.3300
   90.0300   -48.4400
   90.5600   -48.5300
   90.9200   -48.5600
   91.2500   -48.5400
   91.6700   -48.4300
   92.0800   -48.2900
   92.4600   -48.1400
   92.9400   -47.9000
   93.4000   -47.6300
   93.8600   -47.3700
   94.2100   -47.2200
   94.6300   -47.1000
   95.0100   -47.0000
   95.3400   -46.9500
   95.8700   -46.9200
   96.6100   -46.9900
   97.5500   -47.1500
   98.4200   -47.2900
   99.1000   -47.4200
   99.9300   -47.5900
  100.6000   -47.6900
  101.0100   -47.7000
  101.7800   -47.7400
  102.6400   -47.8300
  103.4400   -47.9100
  103.9400   -47.9300
  104.7000   -47.9700
  105.3400   -48.0200
  105.9400   -48.0800
  106.6100   -48.1600
  107.4600   -48.3100
  108.2600   -48.4400
  109.1100   -48.5600
  109.6300   -48.6500
  110.1100   -48.7200
  110.8300   -48.8100
  111.2800   -48.8800
  111.8100   -48.9700
  112.3600   -49.0700
  112.9200   -49.1500
  113.2600   -49.2000
  113.5200   -49.2300
  113.9300   -49.2700
  114.2500   -49.3000
  114.5100   -49.3100
  114.7500   -49.3300
  115.0200   -49.3800
  115.3000   -49.4300
  115.5300   -49.4600
  115.7200   -49.5100
  115.9900   -49.5800
  116.2400   -49.6700
  116.5800   -49.8300
  116.9700   -50.0400
  117.0300   -50.0400
  117.4800   -50.1900
  118.0400   -50.3900
  118.6300   -50.5900
  118.9500   -50.7100
  119.4900   -50.8800
  119.6800   -50.9300
  119.8500   -50.9900
  120.0000   -51.0100
  120.0000   -51.0100
  120.0600   -51.0500
  120.2100   -51.1100
  120.4900   -51.1700
  120.9600   -51.2100
  121.2500   -51.2200
  121.8300   -51.2900
  122.4500   -51.3800
  122.9700   -51.4300
  123.1600   -51.4400
  123.4000   -51.4500
  123.6900   -51.4500
  124.0900   -51.4500
  124.4700   -51.4500
  124.7500   -51.4700
  125.1700   -51.4600
  125.5100   -51.4200
  125.8800   -51.3100
  126.1800   -51.1800
  126.5100   -51.0300
  126.8600   -50.8600
  127.2300   -50.7300
  127.6300   -50.6100
  128.1500   -50.5900
  128.6500   -50.6600
  129.0700   -50.7500
  129.5700   -50.8800
  130.0300   -51.0100
  130.4900   -51.1500
  131.0200   -51.3300
  131.3900   -51.4600
  131.7000   -51.5200
  132.2300   -51.5800
  132.7500   -51.6000
  133.1600   -51.5900
  133.7600   -51.6000
  134.4800   -51.6200
  135.0400   -51.6300
  135.5300   -51.6200
  136.1100   -51.5900
  136.7200   -51.5900
  137.5300   -51.6500
  138.3400   -51.7100
  139.0000   -51.7400
  139.7700   -51.7600
  140.7200   -51.8000
  141.7400   -51.8500
  142.6200   -51.8500
  143.2300   -51.8400
  143.9500   -51.8400
  144.6500   -51.8600
  145.4900   -51.9100
  146.1400   -52.0700
  146.7700   -52.2700
  147.2700   -52.4800
  147.5400   -52.5900
  147.8200   -52.6900
  148.1600   -52.8100
  148.5900   -52.9900
  148.9000   -53.1600
  149.2600   -53.3200
  149.7600   -53.4700
  150.2300   -53.6000
  150.5400   -53.7900
  150.8400   -54.0500
  151.0100   -54.1900
  151.1900   -54.2600
  151.5500   -54.3200
  152.0400   -54.3700
  152.5700   -54.3300
  153.1500   -54.2300
  153.5900   -54.1300
  154.0900   -54.0300
  154.6300   -53.9200
  155.0800   -53.8200
  155.5800   -53.7100
  156.0400   -53.6200
  156.5800   -53.5200
  157.0900   -53.4500
  157.5200   -53.4200
  157.9600   -53.4200
  158.5500   -53.4900
  159.2100   -53.6300
  159.7300   -53.7600
  160.1900   -53.9200
  160.6300   -54.1100
  160.8600   -54.3000
  161.1400   -54.4700
  161.4500   -54.6400
  161.8000   -54.8300
  162.1600   -55.0400
  162.5500   -55.2600
  163.0300   -55.5100
  163.4000   -55.7200
  163.8000   -55.9100
  164.2400   -56.1100
  164.7100   -56.2900
  165.1300   -56.4600
  165.4200   -56.6200
  165.6900   -56.7900
  165.7600   -56.8400
  165.7900   -56.8700
  165.8900   -56.9000
  166.0300   -56.9500
  166.2800   -57.0700
  166.7100   -57.3000
  167.0700   -57.5100
  167.5200   -57.7400
  168.1200   -58.0200
  168.6700   -58.1700
  169.2500   -58.2300
  169.8900   -58.2800
  170.4200   -58.3100
  171.0500   -58.2700
  171.8500   -58.1600
  172.4700   -58.0300
  173.1600   -57.8700
  173.8800   -57.7500
  174.5100   -57.6100
  175.2000   -57.4700
  175.9400   -57.3200
  176.5600   -57.2000
  177.1800   -57.0900
  177.9200   -57.0100
  178.7100   -56.9600
  179.3900   -56.9000
%