%    
 -179.1370   -65.5550
 -177.9370   -65.6810
 -176.7370   -65.6100
 -175.5790   -65.4620
 -174.4150   -65.3910
 -173.4130   -65.3510
 -172.3270   -65.2130
 -171.1900   -64.9480
 -169.7570   -64.6060
 -168.0350   -64.2750
 -166.6490   -63.9800
 -165.4190   -63.7120
 -163.9370   -63.4460
 -162.5990   -63.2160
 -161.7710   -63.0270
 -160.8830   -62.8160
 -159.8240   -62.5910
 -158.7530   -62.4470
 -157.2620   -62.1910
 -155.7620   -61.7850
 -154.3970   -61.3680
 -153.3080   -60.9590
 -152.1440   -60.5740
 -151.4210   -60.3520
 -150.1230   -60.3210
 -149.8740   -60.1200
 -149.4690   -59.9140
 -148.9290   -59.4950
 -148.4850   -59.1850
 -147.9900   -58.9830
 -147.2220   -58.9010
 -146.1510   -58.9580
 -145.2600   -59.0720
 -144.5040   -59.2050
 -143.9310   -59.3440
 -143.4570   -59.5040
 -143.0880   -59.6410
 -142.7070   -59.7650
 -142.1640   -59.9160
 -141.5700   -60.0260
 -141.0870   -60.1000
 -140.5650   -60.2080
 -139.9170   -60.3240
 -139.1130   -60.3540
 -138.3570   -60.2960
 -137.6130   -60.2910
 -137.0700   -60.4800
 -136.9020   -60.8260
 -137.2170   -61.3410
 -137.8080   -61.8140
 -138.3960   -62.2050
 -138.8790   -62.7340
 -139.1190   -63.4150
 -139.1160   -64.0960
 -138.8130   -64.6220
 -138.0390   -65.1250
 -137.4030   -65.3670
 -137.0460   -65.5060
 -136.4970   -65.6570
 -135.6300   -65.7840
 -134.6310   -65.9260
 -133.3590   -66.2670
 -132.0030   -66.7470
 -130.8090   -67.2580
 -130.5630   -67.5580
 -130.4220   -67.6960
 -129.6840   -67.8930
 -129.0660   -68.0890
 -128.5320   -68.2910
 -128.0070   -68.4750
 -127.4670   -68.6340
 -126.3100   -68.8630
 -125.0530   -69.0590
 -124.0690   -69.1380
 -122.5360   -69.1870
 -121.0510   -69.2750
 -119.3140   -69.3740
 -117.3790   -69.4960
 -115.8340   -69.5650
 -114.5170   -69.6360
 -113.6680   -69.6760
 -112.8100   -69.7220
 -111.9550   -69.7420
 -111.2890   -69.7470
 -110.9440   -69.7450
 -110.4430   -69.7590
 -109.9870   -69.7840
 -109.9000   -69.7880
 -109.7590   -69.8110
 -109.2730   -69.9210
 -108.7900   -70.0890
 -108.2800   -70.2630
 -107.5840   -70.4110
 -106.8940   -70.4560
 -106.1050   -70.4590
 -105.4360   -70.4420
 -105.0280   -70.4320
 -104.7670   -70.4330
 -104.6830   -70.4320
 -104.3500   -70.4220
 -103.9780   -70.4040
 -103.7860   -70.3940
 -103.4950   -70.3840
 -103.0480   -70.3740
 -102.6430   -70.3640
 -102.1420   -70.3570
 -101.4010   -70.3270
 -100.5730   -70.2900
  -99.8530   -70.2650
  -99.1720   -70.2810
  -98.9380   -70.2940
  -98.9320   -70.2940
  -98.9320   -70.2950
  -98.9260   -70.2970
  -98.9260   -70.2970
  -98.8600   -70.3060
  -98.6560   -70.3250
  -98.2870   -70.3230
  -98.0650   -70.3200
  -98.0170   -70.3180
  -97.8370   -70.3070
  -97.5130   -70.2930
  -96.8860   -70.2480
  -96.0100   -70.1740
  -95.3740   -70.1110
  -94.6060   -70.0810
  -93.5920   -70.1150
  -92.6320   -70.1480
  -91.6540   -70.1510
  -90.9130   -70.1230
  -90.2170   -70.0830
  -89.5120   -70.0220
  -88.3660   -69.8500
  -86.8690   -69.5720
  -85.6690   -69.4070
  -84.5440   -69.3370
  -82.8700   -69.2640
  -81.8890   -69.2010
  -81.1720   -69.1690
  -80.7100   -69.1220
  -80.2090   -69.0600
  -79.7180   -68.9480
  -79.3760   -68.8810
  -78.9470   -68.7900
  -78.4700   -68.6240
  -77.8100   -68.3680
  -77.3840   -68.1930
  -76.7960   -67.8840
  -76.2140   -67.5880
  -75.6410   -67.3170
  -75.0590   -67.0460
  -74.3480   -66.8900
  -73.6190   -66.7730
  -72.7430   -66.5760
  -71.9840   -66.3640
  -71.5670   -66.2480
  -71.1740   -66.1370
  -70.9250   -66.0070
  -70.7060   -65.8020
  -70.4060   -65.6010
  -69.9380   -65.4000
  -69.5150   -65.1060
  -69.0200   -64.7030
  -68.4920   -64.3550
  -67.8530   -64.1000
  -66.9890   -63.8550
  -66.3230   -63.7090
  -66.1040   -63.6630
  -66.0920   -63.6600
  -66.0920   -63.6600
  -66.0920   -63.6590
  -66.0860   -63.6590
  -65.9030   -63.6230
  -65.4740   -63.5560
  -65.2130   -63.5010
  -64.8860   -63.4090
  -64.4510   -63.2960
  -63.8960   -63.1400
  -63.3530   -62.9200
  -62.8370   -62.6700
  -62.3150   -62.4240
  -61.6670   -62.1700
  -61.0430   -61.9910
  -60.2720   -61.8010
  -60.0180   -61.7900
  -59.6220   -61.6880
  -59.1780   -61.6160
  -58.7790   -61.5210
  -58.3890   -61.4610
  -57.9060   -61.3690
  -57.2130   -61.2660
  -56.7810   -61.1680
  -56.7480   -61.1640
  -56.4960   -61.1520
  -56.1990   -61.1410
  -55.9290   -61.0350
  -55.7220   -60.8530
  -55.5180   -60.6730
  -55.1070   -60.5000
  -54.3150   -60.2570
  -53.2770   -59.9520
  -52.4910   -59.7830
  -51.8700   -59.6090
  -51.4350   -59.4110
  -51.0270   -59.1830
  -50.5860   -59.0120
  -50.0400   -58.9940
  -49.6500   -59.1680
  -49.5060   -59.4650
  -49.3620   -59.7520
  -48.9870   -59.9190
  -48.6180   -59.8590
  -48.4860   -59.6400
  -48.3750   -59.3530
  -48.0600   -59.1510
  -47.7030   -59.1720
  -47.4300   -59.3400
  -47.1930   -59.5760
  -46.7130   -59.6230
  -46.2210   -59.5030
  -45.9120   -59.2030
  -45.5220   -58.9090
  -45.0390   -58.8050
  -44.5290   -58.9100
  -44.0880   -59.0740
  -43.5090   -59.0180
  -42.7230   -58.8590
  -41.9220   -58.7280
  -41.3850   -58.7180
  -40.8240   -58.6860
  -40.3140   -58.5360
  -39.9150   -58.4660
  -39.4020   -58.5550
  -38.7300   -58.7210
  -37.9860   -58.7440
  -36.9510   -58.6360
  -36.0730   -58.5360
  -35.3320   -58.5110
  -34.5610   -58.4920
  -33.9700   -58.4610
  -33.5200   -58.3810
  -32.9530   -58.2230
  -32.3290   -57.9760
  -31.8040   -57.6910
  -31.4560   -57.4790
  -30.9820   -57.1700
  -30.4240   -56.7580
  -30.0070   -56.1730
  -30.1090   -55.6920
  -30.5830   -55.2470
  -31.1740   -54.8890
  -31.9480   -54.5240
  -32.4190   -54.2570
  -32.6650   -53.9860
  -32.7850   -53.6830
  -32.5090   -53.3920
  -31.8490   -53.1660
  -31.0420   -53.0910
  -30.2710   -53.2830
  -29.6710   -53.5870
  -29.4100   -53.7260
  -29.1100   -53.8480
  -28.8010   -53.9860
  -28.7140   -54.0180
  -28.3390   -54.2440
  -27.8920   -54.4310
  -27.4030   -54.6630
  -27.0190   -54.9170
  -26.5150   -55.3440
  -26.0050   -55.8410
  -25.6240   -56.1430
  -25.1860   -56.6340
  -25.0000   -56.9370
  -24.8710   -57.2270
  -24.7120   -57.6790
  -24.4390   -57.9800
  -23.8630   -58.2680
  -23.4190   -58.4940
  -23.2990   -58.7810
  -23.4730   -59.2260
  -23.9410   -59.7470
  -24.1510   -60.0750
  -23.9560   -60.4770
  -23.3470   -60.8400
  -22.4110   -61.0320
  -21.3550   -61.0250
  -20.4190   -60.8070
  -19.8310   -60.6640
  -18.9370   -60.7000
  -18.0340   -60.6740
  -17.2090   -60.3920
  -16.3570   -59.9200
  -15.6400   -59.6580
  -14.6860   -59.4620
  -13.5070   -59.1940
  -12.2560   -58.8780
  -11.3290   -58.5880
  -10.7830   -58.4080
   -9.9730   -58.1820
   -8.8240   -57.9520
   -7.4380   -57.7760
   -6.3580   -57.6190
   -5.7580   -57.4860
   -4.9090   -57.2530
   -4.4530   -57.1540
   -4.1860   -57.1030
   -3.5230   -56.8960
   -2.4970   -56.6440
   -1.1770   -56.3330
   -0.6970   -56.2210
   -0.0370   -56.0980
    0.7580   -55.8830
    1.4000   -55.7020
    2.0000   -55.5740
    2.3270   -55.5380
    2.9240   -55.5360
    3.8750   -55.3540
    4.8230   -54.9030
    5.8310   -54.3460
    6.8810   -53.9630
    8.1470   -53.8070
    9.0470   -53.4960
    9.7940   -53.2400
   10.7620   -53.0660
   12.0190   -53.0710
   13.4950   -53.2330
   14.8420   -53.2650
   15.9640   -53.2490
   16.6720   -53.2420
   17.6110   -53.2150
   18.6520   -53.2560
   19.5790   -53.3760
   20.3890   -53.5870
   21.3340   -53.8040
   22.4530   -54.2090
   23.4130   -54.7340
   24.1360   -55.2770
   24.7240   -55.8170
   25.1380   -56.2130
   25.7230   -56.7540
   26.4850   -57.4940
   27.0670   -58.1160
   27.5650   -58.7410
   28.1380   -59.3660
   28.7980   -59.9400
   29.2990   -60.3250
   29.9110   -60.6670
   30.4480   -60.8970
   30.5670   -60.9080
   31.1130   -61.0980
   31.6410   -61.3220
   32.1900   -61.5990
   32.7150   -61.8180
   33.3060   -62.0320
   33.7620   -62.2180
   34.2150   -62.3850
   34.7220   -62.5320
   35.3670   -62.7480
   35.9970   -62.9580
   36.5070   -63.0860
   36.9270   -63.2140
   37.4280   -63.4490
   37.9410   -63.7860
   38.4030   -64.1050
   39.1050   -64.3690
   40.1400   -64.5320
   41.3820   -64.5800
   43.3980   -64.4940
   45.3390   -64.3380
   46.7370   -64.1950
   48.4110   -63.9410
   50.2530   -63.6780
   51.7410   -63.5700
   53.0670   -63.6260
   54.0500   -63.7580
   55.1330   -64.0840
   56.0990   -64.5170
   57.0770   -64.9710
   58.4030   -65.3240
   59.5700   -65.5130
   60.5900   -65.5840
   61.7630   -65.6190
   63.0680   -65.5740
   64.8170   -65.4900
   66.8420   -65.4340
   68.7350   -65.4360
   70.1750   -65.4270
   71.9660   -65.4420
   73.4600   -65.4280
   74.2100   -65.4110
   74.9390   -65.3990
   75.9860   -65.4060
   76.8710   -65.4600
   77.9300   -65.5550
   78.8450   -65.5760
   79.7210   -65.4590
   80.5430   -65.2600
   81.2270   -65.0750
   81.8660   -64.8790
   82.5650   -64.6700
   83.4320   -64.4820
   84.3290   -64.3550
   84.9020   -64.2330
   85.4570   -64.0390
   86.1200   -63.7320
   86.8130   -63.1730
   87.5300   -62.5680
   88.0640   -62.1420
   88.6460   -61.9180
   89.5430   -61.8330
   90.8870   -61.9870
   92.7380   -62.2230
   94.5500   -62.4200
   96.2060   -62.4040
   98.4110   -62.2730
  100.2910   -62.1940
  102.1360   -62.1560
  103.9120   -62.1550
  105.6310   -62.1490
  107.8270   -62.2060
  109.9630   -62.2780
  112.0150   -62.3670
  113.8600   -62.4640
  115.6000   -62.5620
  117.3070   -62.6630
  118.6480   -62.7430
  119.8060   -62.8180
  120.5260   -62.8660
  120.8850   -63.1000
  121.5360   -63.3000
  122.2950   -63.6930
  123.4920   -63.8140
  124.6920   -63.9290
  125.7240   -64.0250
  126.5700   -64.0540
  127.3350   -64.0390
  128.2080   -64.0310
  129.1260   -64.0140
  130.1460   -64.0060
  130.9320   -63.9910
  131.5890   -63.9220
  131.8140   -63.8860
  131.8950   -63.8650
  132.1860   -63.8590
  132.6210   -63.8610
  133.1040   -63.9020
  133.4460   -63.9060
  134.2530   -63.8480
  134.4810   -63.8570
  134.7150   -63.8630
  135.2250   -63.8830
  135.5220   -63.9250
  135.8610   -63.9430
  136.5540   -63.9730
  137.4660   -63.9670
  138.1170   -63.9480
  139.0770   -63.9420
  140.1510   -63.9480
  141.0330   -63.9640
  141.7320   -63.9750
  142.2270   -63.9730
  142.6530   -63.9980
  143.0490   -64.0480
  143.5250   -64.2150
  144.2990   -64.3550
  145.4780   -64.3760
  146.4800   -64.4070
  147.1580   -64.4360
  147.7430   -64.5170
  148.2800   -64.5760
  148.9490   -64.5980
  149.6960   -64.6230
  150.3950   -64.6570
  151.0490   -64.5130
  151.5320   -64.2080
  152.1140   -64.0080
  152.8700   -63.8800
  153.8300   -63.7260
  154.9520   -63.5130
  156.1340   -63.2280
  157.1390   -62.9210
  157.9910   -62.7790
  158.3420   -62.7310
  158.7500   -62.6600
  159.0770   -62.6420
  159.4670   -62.6630
  160.3280   -62.7020
  161.5370   -62.7480
  162.8810   -62.8290
  164.2010   -62.9140
  165.4280   -63.0870
  166.4330   -63.2830
  167.7920   -63.5100
  169.0760   -63.7400
  170.3690   -63.9130
  171.6590   -64.1480
  172.7480   -64.3720
  173.5880   -64.5160
  174.5390   -64.7180
  175.5440   -64.9190
  176.6810   -65.0940
  178.0400   -65.2190
  179.5250   -65.3760
%