%
 -179.9610   -44.4768
 -178.4650   -44.7996
 -177.4700   -45.2393
 -176.2230   -45.3607
 -174.5890   -45.3339
 -173.0130   -45.1605
 -171.9030   -44.8430
 -171.0440   -44.6047
 -170.3320   -44.3427
 -169.7790   -44.0962
 -169.3780   -43.8851
 -168.7120   -43.5766
 -168.0130   -43.3532
 -166.7490   -42.9578
 -164.7930   -42.1686
 -162.7450   -41.3278
 -161.8890   -40.9593
 -160.3280   -40.3294
 -158.2600   -39.6532
 -155.8980   -39.2476
 -154.1780   -38.8494
 -152.5590   -38.5141
 -150.2680   -37.9453
 -148.4600   -37.7672
 -146.0160   -37.3259
 -143.7160   -37.0648
 -141.3640   -36.8637
 -137.8140   -36.4621
 -135.1990   -36.3304
 -133.1570   -36.1704
 -131.1360   -35.9968
 -129.7400   -35.9546
 -128.4290   -35.8280
 -127.5000   -35.6500
 -126.7910   -35.3500
 -125.7000   -35.1500
 -125.0000   -35.0000
 -124.8890   -34.9589
 -123.4510   -34.9589
 -122.6030   -34.8500
 -121.5000   -34.7000
 -120.0000   -34.0000
 -117.5000   -33.5000
 -116.0000   -33.2500
 -115.0000   -33.0000
 -113.0000   -32.7500
 -112.0000   -32.3500
 -110.0000   -32.0000
 -107.0000   -31.6500
 -105.0000   -31.0000
 -102.5000   -30.6500
 -100.0000   -30.5000
  -97.0000   -30.4500
  -95.0000   -30.5000
  -92.0000   -30.7500
  -90.0000   -31.0000
  -87.0000   -30.6900
  -85.0000   -30.5000
  -83.0000   -30.4000
%
  -51.2420   -32.0025
  -51.1980   -32.0077
  -51.1980   -32.0077
  -51.1980   -32.0077
  -51.1980   -32.0077
  -51.1400   -32.0875
  -51.1730   -32.3141
  -51.3870   -32.8939
  -51.6230   -33.4447
  -51.7500   -33.6821
  -51.9480   -33.9340
  -52.2530   -34.3995
  -52.7860   -35.1672
  -53.1300   -35.5616
  -53.4750   -35.8458
  -53.7670   -36.1483
  -53.9520   -36.4305
  -54.1220   -36.6786
  -54.1050   -36.8726
  -53.9730   -36.9415
  -53.8240   -37.0603
  -53.7390   -37.2880
  -53.6950   -37.6282
  -53.8470   -37.8195
  -54.1750   -38.1137
  -54.5320   -38.4847
  -54.6990   -38.8021
  -54.8290   -38.9708
  -54.8850   -39.2107
  -54.8790   -39.4489
  -54.7440   -39.6013
  -54.4950   -39.6173
  -54.1910   -39.5342
  -53.9880   -39.5176
  -53.6860   -39.4320
  -53.4370   -39.3611
  -53.2490   -39.3518
  -53.0500   -39.3552
  -52.9100   -39.4209
  -52.8820   -39.4835
  -52.9050   -39.6454
  -53.0910   -39.9624
  -53.3040   -40.3573
  -53.5600   -40.7572
  -53.6310   -41.0292
  -53.5760   -41.4002
  -53.4730   -41.6367
  -53.2470   -41.8535
  -52.9430   -41.9155
  -52.6350   -41.9531
  -52.2540   -41.9392
  -51.8230   -41.8468
  -51.4140   -41.7029
  -50.8590   -41.6168
  -50.5210   -41.6006
  -50.1010   -41.6705
  -49.6960   -41.7713
  -49.4340   -41.7436
  -48.9750   -41.6694
  -48.3470   -41.5432
  -47.6600   -41.4713
  -46.9460   -41.2769
  -46.2620   -41.0739
  -45.5960   -40.7587
  -44.9120   -40.5755
  -44.3090   -40.3392
  -43.6460   -40.1769
  -42.9930   -40.2057
  -42.6460   -40.1002
  -42.1550   -40.1610
  -41.4790   -40.3243
  -40.9570   -40.5489
  -40.4980   -40.7388
  -39.9320   -41.0683
  -39.1320   -41.5811
  -38.4930   -42.0195
  -37.6420   -42.5676
  -37.1010   -42.7251
  -36.4320   -42.9782
  -35.4980   -43.1640
  -34.3440   -43.3254
  -33.3910   -43.4452
  -32.8600   -43.5489
  -32.5930   -43.5225
  -31.5160   -43.5457
  -31.2850   -43.5332
  -30.6230   -43.5331
  -29.8580   -43.5025
  -28.3810   -43.4282
  -27.2640   -43.3111
  -26.2960   -43.1687
  -25.3980   -43.1299
  -24.5290   -43.0141
  -23.3750   -42.8370
  -21.7940   -42.5652
  -20.8700   -42.4101
  -20.0240   -42.3227
  -19.6140   -42.2798
  -18.2780   -42.0476
  -16.6590   -41.8164
  -15.7520   -41.7796
  -15.2870   -41.8102
  -15.1090   -41.7857
  -14.8510   -41.7458
  -14.4170   -41.6784
  -13.5960   -41.4239
  -12.5150   -41.1964
  -11.5390   -40.7988
  -10.7300   -40.4258
  -10.3060   -40.2978
   -9.5320   -40.0057
   -8.3610   -39.6109
   -7.3280   -39.1785
   -6.3270   -38.8596
   -6.1170   -38.8482
   -5.6990   -38.8397
   -5.2080   -38.8013
   -4.9930   -38.7200
   -4.5880   -38.6363
   -4.4500   -38.6467
   -3.7430   -38.6622
   -3.4090   -38.5661
   -2.5480   -38.5760
   -2.1500   -38.5420
   -1.9420   -38.4828
   -1.1160   -38.4377
   -0.5490   -38.4125
    0.4291   -38.4301
    1.0292   -38.3895
    1.9714   -38.3491
    2.7752   -38.3002
    3.5101   -38.2611
    4.4983   -38.1773
    5.5018   -38.0919
    6.8374   -38.0683
    7.3835   -38.1693
    8.4578   -38.4266
    9.4140   -38.8355
    9.7972   -39.2099
   10.8875   -39.9621
   11.7690   -40.6042
   12.5718   -41.0505
   13.4667   -41.5698
   14.2898   -41.9607
   15.1563   -42.3161
   16.3339   -42.6850
   18.0326   -42.9597
   19.4619   -43.1228
   20.5495   -43.1433
   20.8419   -43.1694
   21.2184   -43.2009
   21.7560   -43.2277
   22.3955   -43.2492
   23.2603   -43.1814
   24.3167   -43.0801
   25.0847   -42.9342
   25.9993   -42.6788
   27.1514   -42.2992
   28.2710   -41.9431
   28.8028   -41.7218
   29.5172   -41.4948
   29.9539   -41.3262
   30.4619   -41.1720
   30.7964   -41.2019
   31.7756   -41.1801
   32.8722   -41.2493
   34.0374   -41.4172
   35.7155   -41.5813
   36.9760   -41.8470
   38.7055   -41.7847
   40.1163   -41.6992
   41.3286   -41.7572
   43.0939   -41.9383
   45.2741   -42.2895
   47.5340   -42.5639
   49.0639   -42.9485
   50.5967   -43.2404
   51.9957   -43.4776
   53.0959   -43.6887
   54.6797   -43.9306
   57.1897   -44.2909
   59.9472   -44.3432
   61.8317   -44.1527
   63.4094   -43.8960
   64.9131   -43.7055
   66.6452   -43.4119
   68.7942   -43.0830
   71.2360   -42.6097
   73.0694   -42.2214
   74.8865   -41.9879
   77.0301   -41.8929
   79.0019   -41.7821
   80.8924   -41.7995
   82.7435   -41.7733
   84.5778   -41.6431
   86.4657   -41.5789
   88.8368   -41.4862
   90.6540   -41.4607
   92.0668   -41.3484
   93.1297   -41.2227
   94.7472   -41.0722
   96.6678   -40.9302
   98.8536   -40.6574
  100.2585   -40.6066
  101.4010   -40.5897
  103.3437   -40.5339
  105.6060   -40.6416
  106.7010   -40.9155
  107.2420   -40.9021
  108.5710   -40.9237
  110.2970   -40.9949
  111.2900   -41.0199
  111.7610   -41.0799
  112.2640   -41.1604
  113.0870   -41.0790
  114.1490   -40.9965
  114.9540   -41.0223
  115.8730   -40.9510
  117.9060   -40.8377
  119.5760   -40.8237
  121.3170   -40.6860
  122.6460   -40.5036
  124.1680   -40.2458
  125.6550   -40.1250
  127.0080   -40.3048
  128.3090   -40.5416
  129.9870   -40.8980
  131.7010   -41.3949
  132.9820   -41.8076
  133.5710   -42.0316
  134.5670   -42.5425
  136.2270   -43.3502
  137.5030   -44.0386
  138.9710   -44.7719
  140.7480   -45.5644
  142.5010   -46.2368
  144.2670   -46.6841
  146.3210   -47.1627
  148.0620   -47.2974
  149.1760   -47.0039
  150.4350   -46.4697
  151.3340   -45.9327
  151.9090   -45.5075
  152.5160   -45.1499
  153.1310   -44.7938
  153.6610   -44.7435
  154.6390   -44.9937
  156.2270   -45.7140
  157.6570   -46.4153
  158.8850   -46.8736
  160.2680   -47.0740
  162.0110   -47.1856
  163.8970   -47.2360
  165.1390   -47.2722
  166.1870   -47.2338
  166.7790   -47.2957
  167.5110   -47.3111
  168.5620   -46.9776
  169.9040   -46.3624
  171.0980   -45.7727
  171.5890   -45.3931
  172.5170   -44.9292
  173.7850   -44.3881
  174.3010   -44.2868
  175.1500   -44.2878
  176.6500   -44.3297
  178.5530   -44.4453
%