   0.0000000e+00  -5.0733113e+01   1.0000000e+00
   7.4976595e-02  -5.0754475e+01   1.0000000e+00
   3.3333334e-01  -5.0820582e+01   1.0000000e+00
   6.6666669e-01  -5.0879017e+01   1.0000000e+00
   1.0000000e+00  -5.0803644e+01   1.0000000e+00
   1.3301997e+00  -5.0964882e+01   1.0000000e+00
   1.3333334e+00  -5.0969962e+01   1.0000000e+00
   1.6666666e+00  -5.1012412e+01   1.0000000e+00
   2.0000000e+00  -5.1050604e+01   1.0000000e+00
   2.3333333e+00  -5.1095559e+01   1.0000000e+00
   2.6666667e+00  -5.1139495e+01   1.0000000e+00
   2.9478398e+00  -5.1174343e+01   1.0000000e+00
   3.0000000e+00  -5.1180755e+01   1.0000000e+00
   3.3333333e+00  -5.1219436e+01   1.0000000e+00
   3.6666667e+00  -5.1249404e+01   1.0000000e+00
   4.0000000e+00  -5.1274458e+01   1.0000000e+00
   4.3333335e+00  -5.1290601e+01   1.0000000e+00
   4.6666665e+00  -5.1305042e+01   1.0000000e+00
   5.0000000e+00  -5.1316426e+01   1.0000000e+00
   5.3333335e+00  -5.1316099e+01   1.0000000e+00
   5.6666665e+00  -5.1313090e+01   1.0000000e+00
   6.0000000e+00  -5.1312338e+01   1.0000000e+00
   6.3333335e+00  -5.1305986e+01   1.0000000e+00
   6.6666665e+00  -5.1290924e+01   1.0000000e+00
   7.0000000e+00  -5.1258221e+01   1.0000000e+00
   7.3333335e+00  -5.1203189e+01   1.0000000e+00
   7.5030327e+00  -5.1174343e+01   1.0000000e+00
   7.6666665e+00  -5.1146055e+01   1.0000000e+00
   8.0000000e+00  -5.1096737e+01   1.0000000e+00
   8.3333330e+00  -5.1054347e+01   1.0000000e+00
   8.6666670e+00  -5.1018398e+01   1.0000000e+00
   9.0000000e+00  -5.0985651e+01   1.0000000e+00
   9.2628178e+00  -5.0964882e+01   1.0000000e+00
   9.3333330e+00  -5.0959277e+01   1.0000000e+00
   9.6666670e+00  -5.0937412e+01   1.0000000e+00
   1.0000000e+01  -5.0914964e+01   1.0000000e+00
   1.0333333e+01  -5.0894925e+01   1.0000000e+00
   1.0666667e+01  -5.0876810e+01   1.0000000e+00
   1.1000000e+01  -5.0856422e+01   1.0000000e+00
   1.1333333e+01  -5.0838422e+01   1.0000000e+00
   1.1666667e+01  -5.0824827e+01   1.0000000e+00
   1.2000000e+01  -5.0825936e+01   1.0000000e+00
   1.2333333e+01  -5.0845736e+01   1.0000000e+00
   1.2666667e+01  -5.0866703e+01   1.0000000e+00
   1.3000000e+01  -5.0878282e+01   1.0000000e+00
   1.3333333e+01  -5.0885258e+01   1.0000000e+00
   1.3666667e+01  -5.0895960e+01   1.0000000e+00
   1.4000000e+01  -5.0913305e+01   1.0000000e+00
   1.4333333e+01  -5.0931439e+01   1.0000000e+00
   1.4666667e+01  -5.0949492e+01   1.0000000e+00
   1.4914978e+01  -5.0964882e+01   1.0000000e+00
   1.5000000e+01  -5.0970247e+01   1.0000000e+00
   1.5333333e+01  -5.0988639e+01   1.0000000e+00
   1.5666667e+01  -5.1003862e+01   1.0000000e+00
   1.6000000e+01  -5.1020225e+01   1.0000000e+00
   1.6333334e+01  -5.1035001e+01   1.0000000e+00
   1.6666666e+01  -5.1047711e+01   1.0000000e+00
   1.7000000e+01  -5.1049406e+01   1.0000000e+00
   1.7333334e+01  -5.1036296e+01   1.0000000e+00
   1.7666666e+01  -5.1019584e+01   1.0000000e+00
   1.8000000e+01  -5.1006276e+01   1.0000000e+00
   1.8333334e+01  -5.0995677e+01   1.0000000e+00
   1.8666666e+01  -5.0983161e+01   1.0000000e+00
   1.8916123e+01  -5.0964882e+01   1.0000000e+00
   1.9000000e+01  -5.0958577e+01   1.0000000e+00
   1.9333334e+01  -5.0929293e+01   1.0000000e+00
   1.9666666e+01  -5.0903812e+01   1.0000000e+00
   2.0000000e+01  -5.0874995e+01   1.0000000e+00
   2.0333334e+01  -5.0842189e+01   1.0000000e+00
   2.0666666e+01  -5.0804851e+01   1.0000000e+00
   2.1000000e+01  -5.0758885e+01   1.0000000e+00
   2.1027642e+01  -5.0754475e+01   1.0000000e+00
   2.1333334e+01  -5.0699703e+01   1.0000000e+00
   2.1666666e+01  -5.0645395e+01   1.0000000e+00
   2.2000000e+01  -5.0609794e+01   1.0000000e+00
   2.2333334e+01  -5.0584642e+01   1.0000000e+00
   2.2666666e+01  -5.0560600e+01   1.0000000e+00
   2.2974900e+01  -5.0543118e+01   1.0000000e+00
   2.3000000e+01  -5.0541821e+01   1.0000000e+00
   2.3333334e+01  -5.0523461e+01   1.0000000e+00
   2.3666666e+01  -5.0506576e+01   1.0000000e+00
   2.4000000e+01  -5.0493462e+01   1.0000000e+00
   2.4333334e+01  -5.0492215e+01   1.0000000e+00
   2.4666666e+01  -5.0497780e+01   1.0000000e+00
   2.5000000e+01  -5.0498463e+01   1.0000000e+00
   2.5333334e+01  -5.0494531e+01   1.0000000e+00
   2.5666666e+01  -5.0476880e+01   1.0000000e+00
   2.6000000e+01  -5.0453580e+01   1.0000000e+00
   2.6333334e+01  -5.0440495e+01   1.0000000e+00
   2.6666666e+01  -5.0456632e+01   1.0000000e+00
   2.7000000e+01  -5.0532113e+01   1.0000000e+00
   2.7029632e+01  -5.0543118e+01   1.0000000e+00
   2.7333334e+01  -5.0669778e+01   1.0000000e+00
   2.7522057e+01  -5.0754475e+01   1.0000000e+00
   2.7666666e+01  -5.0821541e+01   1.0000000e+00
   2.7974163e+01  -5.0964882e+01   1.0000000e+00
   2.8000000e+01  -5.0978049e+01   1.0000000e+00
   2.8333334e+01  -5.1138274e+01   1.0000000e+00
   2.8415819e+01  -5.1174343e+01   1.0000000e+00
   2.8666666e+01  -5.1300848e+01   1.0000000e+00
   2.8846560e+01  -5.1382851e+01   1.0000000e+00
   2.9000000e+01  -5.1461967e+01   1.0000000e+00
   2.9333334e+01  -5.1586422e+01   1.0000000e+00
   2.9348491e+01  -5.1590416e+01   1.0000000e+00
   2.9666666e+01  -5.1685652e+01   1.0000000e+00
   3.0000000e+01  -5.1735216e+01   1.0000000e+00
   3.0333334e+01  -5.1753135e+01   1.0000000e+00
   3.0666666e+01  -5.1785946e+01   1.0000000e+00
   3.1000000e+01  -5.1790829e+01   1.0000000e+00
   3.1333334e+01  -5.1692888e+01   1.0000000e+00
   3.1600177e+01  -5.1590416e+01   1.0000000e+00
   3.1666666e+01  -5.1568866e+01   1.0000000e+00
   3.2000000e+01  -5.1421845e+01   1.0000000e+00
   3.2064359e+01  -5.1382851e+01   1.0000000e+00
   3.2333332e+01  -5.1196993e+01   1.0000000e+00
   3.2377109e+01  -5.1174343e+01   1.0000000e+00
   3.2666668e+01  -5.1028572e+01   1.0000000e+00
   3.2827378e+01  -5.0964882e+01   1.0000000e+00
   3.3000000e+01  -5.0908977e+01   1.0000000e+00
   3.3333332e+01  -5.0839573e+01   1.0000000e+00
   3.3666668e+01  -5.0790274e+01   1.0000000e+00
   3.3803620e+01  -5.0754475e+01   1.0000000e+00
   3.4000000e+01  -5.0695607e+01   1.0000000e+00
   3.4333332e+01  -5.0580268e+01   1.0000000e+00
   3.4485723e+01  -5.0543118e+01   1.0000000e+00
   3.4666668e+01  -5.0513257e+01   1.0000000e+00
   3.5000000e+01  -5.0515296e+01   1.0000000e+00
   3.5150751e+01  -5.0543118e+01   1.0000000e+00
   3.5333332e+01  -5.0593945e+01   1.0000000e+00
   3.5666668e+01  -5.0723651e+01   1.0000000e+00
   3.5723989e+01  -5.0754475e+01   1.0000000e+00
   3.6000000e+01  -5.0941413e+01   1.0000000e+00
   3.6031155e+01  -5.0964882e+01   1.0000000e+00
   3.6275819e+01  -5.1174343e+01   1.0000000e+00
   3.6333332e+01  -5.1211806e+01   1.0000000e+00
   3.6666668e+01  -5.1354170e+01   1.0000000e+00
   3.7000000e+01  -5.1369621e+01   1.0000000e+00
   3.7333332e+01  -5.1335383e+01   1.0000000e+00
   3.7666668e+01  -5.1299572e+01   1.0000000e+00
   3.8000000e+01  -5.1267186e+01   1.0000000e+00
   3.8333332e+01  -5.1214209e+01   1.0000000e+00
   3.8666668e+01  -5.1175293e+01   1.0000000e+00
   3.8678148e+01  -5.1174343e+01   1.0000000e+00
   3.9000000e+01  -5.1150061e+01   1.0000000e+00
   3.9333332e+01  -5.1152147e+01   1.0000000e+00
   3.9530899e+01  -5.1174343e+01   1.0000000e+00
   3.9666668e+01  -5.1190098e+01   1.0000000e+00
   4.0000000e+01  -5.1213238e+01   1.0000000e+00
   4.0333332e+01  -5.1200032e+01   1.0000000e+00
   4.0589118e+01  -5.1174343e+01   1.0000000e+00
   4.0666668e+01  -5.1166705e+01   1.0000000e+00
   4.1000000e+01  -5.1131932e+01   1.0000000e+00
   4.1333332e+01  -5.1111031e+01   1.0000000e+00
   4.1666668e+01  -5.1095479e+01   1.0000000e+00
   4.2000000e+01  -5.1088628e+01   1.0000000e+00
   4.2333332e+01  -5.1099986e+01   1.0000000e+00
   4.2666668e+01  -5.1124761e+01   1.0000000e+00
   4.3000000e+01  -5.1156911e+01   1.0000000e+00
   4.3136409e+01  -5.1174343e+01   1.0000000e+00
   4.3333332e+01  -5.1199202e+01   1.0000000e+00
   4.3666668e+01  -5.1249478e+01   1.0000000e+00
   4.4000000e+01  -5.1305345e+01   1.0000000e+00
   4.4333332e+01  -5.1367137e+01   1.0000000e+00
   4.4420122e+01  -5.1382851e+01   1.0000000e+00
   4.4666668e+01  -5.1427146e+01   1.0000000e+00
   4.5000000e+01  -5.1487658e+01   1.0000000e+00
   4.5333332e+01  -5.1550963e+01   1.0000000e+00
   4.5584895e+01  -5.1590416e+01   1.0000000e+00
   4.5666668e+01  -5.1604720e+01   1.0000000e+00
   4.6000000e+01  -5.1658643e+01   1.0000000e+00
   4.6333332e+01  -5.1741939e+01   1.0000000e+00
   4.6476967e+01  -5.1797039e+01   1.0000000e+00
   4.6666668e+01  -5.1889562e+01   1.0000000e+00
   4.6861778e+01  -5.2002716e+01   1.0000000e+00
   4.7000000e+01  -5.2090040e+01   1.0000000e+00
   4.7170094e+01  -5.2207455e+01   1.0000000e+00
   4.7333332e+01  -5.2318939e+01   1.0000000e+00
   4.7462516e+01  -5.2411255e+01   1.0000000e+00
   4.7666668e+01  -5.2545367e+01   1.0000000e+00
   4.7786962e+01  -5.2614117e+01   1.0000000e+00
   4.8000000e+01  -5.2736571e+01   1.0000000e+00
   4.8180189e+01  -5.2816040e+01   1.0000000e+00
   4.8333332e+01  -5.2885259e+01   1.0000000e+00
   4.8666668e+01  -5.3003151e+01   1.0000000e+00
   4.8713074e+01  -5.3017033e+01   1.0000000e+00
   4.9000000e+01  -5.3101387e+01   1.0000000e+00
   4.9333332e+01  -5.3186654e+01   1.0000000e+00
   4.9448558e+01  -5.3217094e+01   1.0000000e+00
   4.9666668e+01  -5.3273464e+01   1.0000000e+00
   5.0000000e+01  -5.3374783e+01   1.0000000e+00
   5.0135030e+01  -5.3416225e+01   1.0000000e+00
   5.0333332e+01  -5.3472778e+01   1.0000000e+00
   5.0666668e+01  -5.3553889e+01   1.0000000e+00
   5.1000000e+01  -5.3614082e+01   1.0000000e+00
   5.1002396e+01  -5.3614426e+01   1.0000000e+00
   5.1333332e+01  -5.3660122e+01   1.0000000e+00
   5.1666668e+01  -5.3697167e+01   1.0000000e+00
   5.2000000e+01  -5.3727013e+01   1.0000000e+00
   5.2333332e+01  -5.3752931e+01   1.0000000e+00
   5.2666668e+01  -5.3774821e+01   1.0000000e+00
   5.3000000e+01  -5.3789637e+01   1.0000000e+00
   5.3314125e+01  -5.3811703e+01   1.0000000e+00
   5.3333332e+01  -5.3813193e+01   1.0000000e+00
   5.3666668e+01  -5.3865370e+01   1.0000000e+00
   5.4000000e+01  -5.3908986e+01   1.0000000e+00
   5.4333332e+01  -5.3919488e+01   1.0000000e+00
   5.4666668e+01  -5.3932858e+01   1.0000000e+00
   5.5000000e+01  -5.3977622e+01   1.0000000e+00
   5.5148005e+01  -5.4008053e+01   1.0000000e+00
   5.5333332e+01  -5.4052838e+01   1.0000000e+00
   5.5666668e+01  -5.4133216e+01   1.0000000e+00
   5.6000000e+01  -5.4198373e+01   1.0000000e+00
   5.6038019e+01  -5.4203484e+01   1.0000000e+00
   5.6333332e+01  -5.4238207e+01   1.0000000e+00
   5.6666668e+01  -5.4246960e+01   1.0000000e+00
   5.7000000e+01  -5.4241680e+01   1.0000000e+00
   5.7333332e+01  -5.4251290e+01   1.0000000e+00
   5.7666668e+01  -5.4275030e+01   1.0000000e+00
   5.8000000e+01  -5.4316680e+01   1.0000000e+00
   5.8327209e+01  -5.4397995e+01   1.0000000e+00
   5.8333332e+01  -5.4399645e+01   1.0000000e+00
   5.8666668e+01  -5.4529491e+01   1.0000000e+00
   5.8813712e+01  -5.4591587e+01   1.0000000e+00
   5.9000000e+01  -5.4684613e+01   1.0000000e+00
   5.9195620e+01  -5.4784260e+01   1.0000000e+00
   5.9333332e+01  -5.4880880e+01   1.0000000e+00
   5.9468205e+01  -5.4976025e+01   1.0000000e+00
   5.9666668e+01  -5.5159357e+01   1.0000000e+00
   5.9676422e+01  -5.5166874e+01   1.0000000e+00
   5.9950385e+01  -5.5356815e+01   1.0000000e+00
   6.0000000e+01  -5.5382656e+01   1.0000000e+00
   6.0333332e+01  -5.5485584e+01   1.0000000e+00
   6.0666668e+01  -5.5530418e+01   1.0000000e+00
   6.0961135e+01  -5.5545853e+01   1.0000000e+00
   6.1000000e+01  -5.5547662e+01   1.0000000e+00
   6.1094709e+01  -5.5545853e+01   1.0000000e+00
   6.1333332e+01  -5.5539701e+01   1.0000000e+00
   6.1666668e+01  -5.5503803e+01   1.0000000e+00
   6.2000000e+01  -5.5464876e+01   1.0000000e+00
   6.2333332e+01  -5.5452933e+01   1.0000000e+00
   6.2666668e+01  -5.5477174e+01   1.0000000e+00
   6.3000000e+01  -5.5517162e+01   1.0000000e+00
   6.3177701e+01  -5.5545853e+01   1.0000000e+00
   6.3333332e+01  -5.5576766e+01   1.0000000e+00
   6.3666668e+01  -5.5631824e+01   1.0000000e+00
   6.4000000e+01  -5.5625550e+01   1.0000000e+00
   6.4333336e+01  -5.5605625e+01   1.0000000e+00
   6.4666664e+01  -5.5608197e+01   1.0000000e+00
   6.5000000e+01  -5.5641939e+01   1.0000000e+00
   6.5333336e+01  -5.5693798e+01   1.0000000e+00
   6.5666664e+01  -5.5729821e+01   1.0000000e+00
   6.5853129e+01  -5.5733982e+01   1.0000000e+00
   6.6000000e+01  -5.5736892e+01   1.0000000e+00
   6.6333336e+01  -5.5753597e+01   1.0000000e+00
   6.6666664e+01  -5.5757718e+01   1.0000000e+00
   6.7000000e+01  -5.5753622e+01   1.0000000e+00
   6.7333336e+01  -5.5740833e+01   1.0000000e+00
   6.7666664e+01  -5.5736915e+01   1.0000000e+00
   6.8000000e+01  -5.5751721e+01   1.0000000e+00
   6.8333336e+01  -5.5778980e+01   1.0000000e+00
   6.8666664e+01  -5.5820658e+01   1.0000000e+00
   6.9000000e+01  -5.5883527e+01   1.0000000e+00
   6.9160878e+01  -5.5921211e+01   1.0000000e+00
   6.9333336e+01  -5.5961705e+01   1.0000000e+00
   6.9666664e+01  -5.6041525e+01   1.0000000e+00
   6.9976071e+01  -5.6107536e+01   1.0000000e+00
   7.0000000e+01  -5.6112015e+01   1.0000000e+00
   7.0333336e+01  -5.6146511e+01   1.0000000e+00
   7.0666664e+01  -5.6145027e+01   1.0000000e+00
   7.0974937e+01  -5.6107536e+01   1.0000000e+00
   7.1000000e+01  -5.6104183e+01   1.0000000e+00
   7.1333336e+01  -5.6021945e+01   1.0000000e+00
   7.1666664e+01  -5.5940835e+01   1.0000000e+00
   7.1758736e+01  -5.5921211e+01   1.0000000e+00
   7.2000000e+01  -5.5870206e+01   1.0000000e+00
   7.2333336e+01  -5.5781123e+01   1.0000000e+00
   7.2482277e+01  -5.5733982e+01   1.0000000e+00
   7.2666664e+01  -5.5673425e+01   1.0000000e+00
   7.3000000e+01  -5.5549605e+01   1.0000000e+00
   7.3008109e+01  -5.5545853e+01   1.0000000e+00
   7.3333336e+01  -5.5406739e+01   1.0000000e+00
   7.3446215e+01  -5.5356815e+01   1.0000000e+00
   7.3666664e+01  -5.5270402e+01   1.0000000e+00
   7.3950611e+01  -5.5166874e+01   1.0000000e+00
   7.4000000e+01  -5.5166172e+01   1.0000000e+00
   7.4333336e+01  -5.5161202e+01   1.0000000e+00
   7.4666664e+01  -5.5156207e+01   1.0000000e+00
   7.5000000e+01  -5.5150868e+01   1.0000000e+00
   7.5027955e+01  -5.5166874e+01   1.0000000e+00
   7.5333336e+01  -5.5327973e+01   1.0000000e+00
   7.5666664e+01  -5.5322832e+01   1.0000000e+00
   7.5726303e+01  -5.5356815e+01   1.0000000e+00
   7.6000000e+01  -5.5502274e+01   1.0000000e+00
   7.6076844e+01  -5.5545853e+01   1.0000000e+00
   7.6333336e+01  -5.5684302e+01   1.0000000e+00
   7.6421359e+01  -5.5733982e+01   1.0000000e+00
   7.6666664e+01  -5.5866690e+01   1.0000000e+00
   7.7000000e+01  -5.5863917e+01   1.0000000e+00
   7.7229664e+01  -5.5733982e+01   1.0000000e+00
   7.7233031e+01  -5.5545853e+01   1.0000000e+00
   7.7333336e+01  -5.5488969e+01   1.0000000e+00
   7.7565148e+01  -5.5356815e+01   1.0000000e+00
   7.7569248e+01  -5.5166874e+01   1.0000000e+00
   7.7573409e+01  -5.4976025e+01   1.0000000e+00
   7.7577972e+01  -5.4784260e+01   1.0000000e+00
   7.7583112e+01  -5.4591587e+01   1.0000000e+00
   7.7588848e+01  -5.4397995e+01   1.0000000e+00
   7.7666664e+01  -5.4352586e+01   1.0000000e+00
   7.7919590e+01  -5.4203484e+01   1.0000000e+00
   7.8000000e+01  -5.4156340e+01   1.0000000e+00
   7.8333336e+01  -5.4152350e+01   1.0000000e+00
   7.8420549e+01  -5.4203484e+01   1.0000000e+00
   7.8666664e+01  -5.4341049e+01   1.0000000e+00
   7.8903494e+01  -5.4203484e+01   1.0000000e+00
   7.8908268e+01  -5.4008053e+01   1.0000000e+00
   7.8913506e+01  -5.3811703e+01   1.0000000e+00
   7.8666664e+01  -5.3659443e+01   1.0000000e+00
   7.8590601e+01  -5.3614426e+01   1.0000000e+00
   7.8596499e+01  -5.3416225e+01   1.0000000e+00
   7.8602335e+01  -5.3217094e+01   1.0000000e+00
   7.8608193e+01  -5.3017033e+01   1.0000000e+00
   7.8614009e+01  -5.2816040e+01   1.0000000e+00
   7.8620548e+01  -5.2614117e+01   1.0000000e+00
   7.8333336e+01  -5.2430587e+01   1.0000000e+00
   7.8301570e+01  -5.2411255e+01   1.0000000e+00
   7.8000000e+01  -5.2217994e+01   1.0000000e+00
   7.7666664e+01  -5.2213311e+01   1.0000000e+00
   7.7657086e+01  -5.2207455e+01   1.0000000e+00
   7.7520996e+01  -5.2002716e+01   1.0000000e+00
   7.7666664e+01  -5.1893293e+01   1.0000000e+00
   7.7821715e+01  -5.1797039e+01   1.0000000e+00
   7.8000000e+01  -5.1706317e+01   1.0000000e+00
   7.8311832e+01  -5.1590416e+01   1.0000000e+00
   7.8333336e+01  -5.1583688e+01   1.0000000e+00
   7.8666664e+01  -5.1516260e+01   1.0000000e+00
   7.9000000e+01  -5.1469152e+01   1.0000000e+00
   7.9333336e+01  -5.1410498e+01   1.0000000e+00
   7.9467438e+01  -5.1382851e+01   1.0000000e+00
   7.9666664e+01  -5.1343280e+01   1.0000000e+00
   8.0000000e+01  -5.1289342e+01   1.0000000e+00
   8.0333336e+01  -5.1259540e+01   1.0000000e+00
   8.0666664e+01  -5.1261544e+01   1.0000000e+00
   8.1000000e+01  -5.1302166e+01   1.0000000e+00
   8.1291614e+01  -5.1382851e+01   1.0000000e+00
   8.1333336e+01  -5.1397464e+01   1.0000000e+00
   8.1666664e+01  -5.1517417e+01   1.0000000e+00
   8.1990430e+01  -5.1590416e+01   1.0000000e+00
   8.2000000e+01  -5.1592603e+01   1.0000000e+00
   8.2333336e+01  -5.1626317e+01   1.0000000e+00
   8.2666664e+01  -5.1654379e+01   1.0000000e+00
   8.3000000e+01  -5.1706146e+01   1.0000000e+00
   8.3333336e+01  -5.1785763e+01   1.0000000e+00
   8.3374600e+01  -5.1797039e+01   1.0000000e+00
   8.3666664e+01  -5.1889825e+01   1.0000000e+00
   8.4000000e+01  -5.1997830e+01   1.0000000e+00
   8.4013101e+01  -5.2002716e+01   1.0000000e+00
   8.4333336e+01  -5.2205528e+01   1.0000000e+00
   8.4336061e+01  -5.2207455e+01   1.0000000e+00
   8.4589495e+01  -5.2411255e+01   1.0000000e+00
   8.4666664e+01  -5.2462808e+01   1.0000000e+00
   8.5000000e+01  -5.2591928e+01   1.0000000e+00
   8.5094869e+01  -5.2614117e+01   1.0000000e+00
   8.5333336e+01  -5.2657304e+01   1.0000000e+00
   8.5666664e+01  -5.2740219e+01   1.0000000e+00
   8.5878640e+01  -5.2816040e+01   1.0000000e+00
   8.6000000e+01  -5.2861490e+01   1.0000000e+00
   8.6333336e+01  -5.3015857e+01   1.0000000e+00
   8.6335401e+01  -5.3017033e+01   1.0000000e+00
   8.6590933e+01  -5.3217094e+01   1.0000000e+00
   8.6666664e+01  -5.3266662e+01   1.0000000e+00
   8.6910702e+01  -5.3416225e+01   1.0000000e+00
   8.7000000e+01  -5.3463885e+01   1.0000000e+00
   8.7333336e+01  -5.3580865e+01   1.0000000e+00
   8.7451496e+01  -5.3614426e+01   1.0000000e+00
   8.7666664e+01  -5.3690399e+01   1.0000000e+00
   8.7887055e+01  -5.3811703e+01   1.0000000e+00
   8.8000000e+01  -5.3879033e+01   1.0000000e+00
   8.8208744e+01  -5.4008053e+01   1.0000000e+00
   8.8333336e+01  -5.4089515e+01   1.0000000e+00
   8.8507908e+01  -5.4203484e+01   1.0000000e+00
   8.8666664e+01  -5.4288602e+01   1.0000000e+00
   8.8875096e+01  -5.4397995e+01   1.0000000e+00
   8.9000000e+01  -5.4456632e+01   1.0000000e+00
   8.9333336e+01  -5.4564839e+01   1.0000000e+00
   8.9666664e+01  -5.4568528e+01   1.0000000e+00
   9.0000000e+01  -5.4411207e+01   1.0000000e+00
   9.0015379e+01  -5.4397995e+01   1.0000000e+00
   9.0199462e+01  -5.4203484e+01   1.0000000e+00
   9.0333336e+01  -5.4063859e+01   1.0000000e+00
   9.0386066e+01  -5.4008053e+01   1.0000000e+00
   9.0666664e+01  -5.3827140e+01   1.0000000e+00
   9.0697367e+01  -5.3811703e+01   1.0000000e+00
   9.1000000e+01  -5.3685982e+01   1.0000000e+00
   9.1333336e+01  -5.3650868e+01   1.0000000e+00
   9.1666664e+01  -5.3674545e+01   1.0000000e+00
   9.2000000e+01  -5.3707687e+01   1.0000000e+00
   9.2333336e+01  -5.3698677e+01   1.0000000e+00
   9.2666664e+01  -5.3653332e+01   1.0000000e+00
   9.3000000e+01  -5.3629749e+01   1.0000000e+00
   9.3333336e+01  -5.3662011e+01   1.0000000e+00
   9.3666664e+01  -5.3714881e+01   1.0000000e+00
   9.4000000e+01  -5.3735511e+01   1.0000000e+00
   9.4333336e+01  -5.3741445e+01   1.0000000e+00
   9.4666664e+01  -5.3734023e+01   1.0000000e+00
   9.5000000e+01  -5.3686081e+01   1.0000000e+00
   9.5299104e+01  -5.3614426e+01   1.0000000e+00
   9.5333336e+01  -5.3606176e+01   1.0000000e+00
   9.5666664e+01  -5.3517238e+01   1.0000000e+00
   9.6000000e+01  -5.3445809e+01   1.0000000e+00
   9.6188938e+01  -5.3416225e+01   1.0000000e+00
   9.6333336e+01  -5.3394893e+01   1.0000000e+00
   9.6666664e+01  -5.3369715e+01   1.0000000e+00
   9.7000000e+01  -5.3383332e+01   1.0000000e+00
   9.7291164e+01  -5.3416225e+01   1.0000000e+00
   9.7333336e+01  -5.3421090e+01   1.0000000e+00
   9.7666664e+01  -5.3446066e+01   1.0000000e+00
   9.8000000e+01  -5.3437519e+01   1.0000000e+00
   9.8190123e+01  -5.3416225e+01   1.0000000e+00
   9.8333336e+01  -5.3399516e+01   1.0000000e+00
   9.8666664e+01  -5.3337359e+01   1.0000000e+00
   9.9000000e+01  -5.3269770e+01   1.0000000e+00
   9.9302211e+01  -5.3217094e+01   1.0000000e+00
   9.9333336e+01  -5.3211485e+01   1.0000000e+00
   9.9666664e+01  -5.3137805e+01   1.0000000e+00
   9.9980171e+01  -5.3017033e+01   1.0000000e+00
   1.0000000e+02  -5.3010210e+01   1.0000000e+00
   1.0033334e+02  -5.2931782e+01   1.0000000e+00
   1.0066666e+02  -5.2897799e+01   1.0000000e+00
   1.0100000e+02  -5.2868320e+01   1.0000000e+00
   1.0133334e+02  -5.2839696e+01   1.0000000e+00
   1.0166666e+02  -5.2818795e+01   1.0000000e+00
   1.0169130e+02  -5.2816040e+01   1.0000000e+00
   1.0200000e+02  -5.2782386e+01   1.0000000e+00
   1.0233334e+02  -5.2721453e+01   1.0000000e+00
   1.0266666e+02  -5.2652399e+01   1.0000000e+00
   1.0285251e+02  -5.2614117e+01   1.0000000e+00
   1.0300000e+02  -5.2588271e+01   1.0000000e+00
   1.0333334e+02  -5.2549800e+01   1.0000000e+00
   1.0366666e+02  -5.2538474e+01   1.0000000e+00
   1.0400000e+02  -5.2555030e+01   1.0000000e+00
   1.0433334e+02  -5.2579865e+01   1.0000000e+00
   1.0466666e+02  -5.2580034e+01   1.0000000e+00
   1.0500000e+02  -5.2540454e+01   1.0000000e+00
   1.0533334e+02  -5.2453291e+01   1.0000000e+00
   1.0544664e+02  -5.2411255e+01   1.0000000e+00
   1.0566666e+02  -5.2322736e+01   1.0000000e+00
   1.0600000e+02  -5.2233507e+01   1.0000000e+00
   1.0617411e+02  -5.2207455e+01   1.0000000e+00
   1.0633334e+02  -5.2184181e+01   1.0000000e+00
   1.0666666e+02  -5.2123993e+01   1.0000000e+00
   1.0700000e+02  -5.2068107e+01   1.0000000e+00
   1.0733334e+02  -5.2119493e+01   1.0000000e+00
   1.0761079e+02  -5.2207455e+01   1.0000000e+00
   1.0766666e+02  -5.2224514e+01   1.0000000e+00
   1.0800000e+02  -5.2272773e+01   1.0000000e+00
   1.0833334e+02  -5.2267683e+01   1.0000000e+00
   1.0866666e+02  -5.2258632e+01   1.0000000e+00
   1.0900000e+02  -5.2263319e+01   1.0000000e+00
   1.0933334e+02  -5.2266307e+01   1.0000000e+00
   1.0966666e+02  -5.2263252e+01   1.0000000e+00
   1.1000000e+02  -5.2250529e+01   1.0000000e+00
   1.1033334e+02  -5.2235027e+01   1.0000000e+00
   1.1066666e+02  -5.2220687e+01   1.0000000e+00
   1.1100000e+02  -5.2210420e+01   1.0000000e+00
   1.1133334e+02  -5.2207853e+01   1.0000000e+00
   1.1134777e+02  -5.2207455e+01   1.0000000e+00
   1.1166666e+02  -5.2195643e+01   1.0000000e+00
   1.1200000e+02  -5.2163527e+01   1.0000000e+00
   1.1233334e+02  -5.2132679e+01   1.0000000e+00
   1.1266666e+02  -5.2116093e+01   1.0000000e+00
   1.1300000e+02  -5.2137045e+01   1.0000000e+00
   1.1333334e+02  -5.2200571e+01   1.0000000e+00
   1.1337241e+02  -5.2207455e+01   1.0000000e+00
   1.1366666e+02  -5.2260074e+01   1.0000000e+00
   1.1400000e+02  -5.2285724e+01   1.0000000e+00
   1.1433334e+02  -5.2309243e+01   1.0000000e+00
   1.1466666e+02  -5.2370244e+01   1.0000000e+00
   1.1476650e+02  -5.2411255e+01   1.0000000e+00
   1.1499737e+02  -5.2614117e+01   1.0000000e+00
   1.1500000e+02  -5.2628191e+01   1.0000000e+00
   1.1502872e+02  -5.2816040e+01   1.0000000e+00
   1.1501637e+02  -5.3017033e+01   1.0000000e+00
   1.1500000e+02  -5.3031582e+01   1.0000000e+00
   1.1480251e+02  -5.3217094e+01   1.0000000e+00
   1.1466666e+02  -5.3368295e+01   1.0000000e+00
   1.1463158e+02  -5.3416225e+01   1.0000000e+00
   1.1444551e+02  -5.3614426e+01   1.0000000e+00
   1.1433334e+02  -5.3709227e+01   1.0000000e+00
   1.1420507e+02  -5.3811703e+01   1.0000000e+00
   1.1400000e+02  -5.3932321e+01   1.0000000e+00
   1.1379227e+02  -5.4008053e+01   1.0000000e+00
   1.1366666e+02  -5.4053881e+01   1.0000000e+00
   1.1333334e+02  -5.4161499e+01   1.0000000e+00
   1.1322342e+02  -5.4203484e+01   1.0000000e+00
   1.1300000e+02  -5.4335024e+01   1.0000000e+00
   1.1290857e+02  -5.4397995e+01   1.0000000e+00
   1.1275849e+02  -5.4591587e+01   1.0000000e+00
   1.1270537e+02  -5.4784260e+01   1.0000000e+00
   1.1267937e+02  -5.4976025e+01   1.0000000e+00
   1.1275948e+02  -5.5166874e+01   1.0000000e+00
   1.1281862e+02  -5.5356815e+01   1.0000000e+00
   1.1287313e+02  -5.5545853e+01   1.0000000e+00
   1.1297431e+02  -5.5733982e+01   1.0000000e+00
   1.1300000e+02  -5.5782492e+01   1.0000000e+00
   1.1309981e+02  -5.5921211e+01   1.0000000e+00
   1.1332150e+02  -5.6107536e+01   1.0000000e+00
   1.1333334e+02  -5.6115222e+01   1.0000000e+00
   1.1364564e+02  -5.6292969e+01   1.0000000e+00
   1.1366666e+02  -5.6304568e+01   1.0000000e+00
   1.1400000e+02  -5.6471669e+01   1.0000000e+00
   1.1401679e+02  -5.6477505e+01   1.0000000e+00
   1.1433334e+02  -5.6557100e+01   1.0000000e+00
   1.1466666e+02  -5.6571207e+01   1.0000000e+00
   1.1500000e+02  -5.6491153e+01   1.0000000e+00
   1.1502976e+02  -5.6477505e+01   1.0000000e+00
   1.1529383e+02  -5.6292969e+01   1.0000000e+00
   1.1533334e+02  -5.6266798e+01   1.0000000e+00
   1.1566666e+02  -5.6112703e+01   1.0000000e+00
   1.1568886e+02  -5.6107536e+01   1.0000000e+00
   1.1600000e+02  -5.6047812e+01   1.0000000e+00
   1.1633334e+02  -5.5996322e+01   1.0000000e+00
   1.1666666e+02  -5.5947596e+01   1.0000000e+00
   1.1700000e+02  -5.5941952e+01   1.0000000e+00
   1.1733334e+02  -5.5988847e+01   1.0000000e+00
   1.1766666e+02  -5.6047006e+01   1.0000000e+00
   1.1800000e+02  -5.6076740e+01   1.0000000e+00
   1.1833334e+02  -5.6051761e+01   1.0000000e+00
   1.1866666e+02  -5.5986385e+01   1.0000000e+00
   1.1890252e+02  -5.5921211e+01   1.0000000e+00
   1.1900000e+02  -5.5901139e+01   1.0000000e+00
   1.1933334e+02  -5.5789464e+01   1.0000000e+00
   1.1947747e+02  -5.5733982e+01   1.0000000e+00
   1.1966666e+02  -5.5681974e+01   1.0000000e+00
   1.2000000e+02  -5.5612289e+01   1.0000000e+00
   1.2033334e+02  -5.5576690e+01   1.0000000e+00
   1.2066516e+02  -5.5545853e+01   1.0000000e+00
   1.2066666e+02  -5.5545697e+01   1.0000000e+00
   1.2100000e+02  -5.5513296e+01   1.0000000e+00
   1.2133334e+02  -5.5509318e+01   1.0000000e+00
   1.2166666e+02  -5.5504033e+01   1.0000000e+00
   1.2200000e+02  -5.5465737e+01   1.0000000e+00
   1.2233334e+02  -5.5422887e+01   1.0000000e+00
   1.2266666e+02  -5.5396480e+01   1.0000000e+00
   1.2300000e+02  -5.5404365e+01   1.0000000e+00
   1.2333334e+02  -5.5448988e+01   1.0000000e+00
   1.2366666e+02  -5.5486024e+01   1.0000000e+00
   1.2400000e+02  -5.5501826e+01   1.0000000e+00
   1.2433334e+02  -5.5527921e+01   1.0000000e+00
   1.2443506e+02  -5.5545853e+01   1.0000000e+00
   1.2466666e+02  -5.5601965e+01   1.0000000e+00
   1.2492860e+02  -5.5733982e+01   1.0000000e+00
   1.2500000e+02  -5.5771174e+01   1.0000000e+00
   1.2525102e+02  -5.5921211e+01   1.0000000e+00
   1.2533334e+02  -5.5964563e+01   1.0000000e+00
   1.2560071e+02  -5.6107536e+01   1.0000000e+00
   1.2566666e+02  -5.6136852e+01   1.0000000e+00
   1.2598987e+02  -5.6292969e+01   1.0000000e+00
   1.2600000e+02  -5.6297133e+01   1.0000000e+00
   1.2633334e+02  -5.6438710e+01   1.0000000e+00
   1.2643835e+02  -5.6477505e+01   1.0000000e+00
   1.2666666e+02  -5.6568245e+01   1.0000000e+00
   1.2692882e+02  -5.6661144e+01   1.0000000e+00
   1.2700000e+02  -5.6686421e+01   1.0000000e+00
   1.2733334e+02  -5.6794190e+01   1.0000000e+00
   1.2751765e+02  -5.6843895e+01   1.0000000e+00
   1.2766666e+02  -5.6888742e+01   1.0000000e+00
   1.2800000e+02  -5.6981408e+01   1.0000000e+00
   1.2816834e+02  -5.7025761e+01   1.0000000e+00
   1.2833333e+02  -5.7076681e+01   1.0000000e+00
   1.2866667e+02  -5.7174190e+01   1.0000000e+00
   1.2881583e+02  -5.7206738e+01   1.0000000e+00
   1.2900000e+02  -5.7245008e+01   1.0000000e+00
   1.2933333e+02  -5.7272756e+01   1.0000000e+00
   1.2966667e+02  -5.7297936e+01   1.0000000e+00
   1.3000000e+02  -5.7363967e+01   1.0000000e+00
   1.3009937e+02  -5.7386833e+01   1.0000000e+00
   1.3033333e+02  -5.7449217e+01   1.0000000e+00
   1.3066667e+02  -5.7514373e+01   1.0000000e+00
   1.3091536e+02  -5.7566048e+01   1.0000000e+00
   1.3100000e+02  -5.7585175e+01   1.0000000e+00
   1.3133333e+02  -5.7706696e+01   1.0000000e+00
   1.3141094e+02  -5.7744385e+01   1.0000000e+00
   1.3166667e+02  -5.7848934e+01   1.0000000e+00
   1.3186537e+02  -5.7921848e+01   1.0000000e+00
   1.3200000e+02  -5.7963898e+01   1.0000000e+00
   1.3233333e+02  -5.8048090e+01   1.0000000e+00
   1.3257057e+02  -5.8098438e+01   1.0000000e+00
   1.3266667e+02  -5.8117324e+01   1.0000000e+00
   1.3300000e+02  -5.8176160e+01   1.0000000e+00
   1.3333333e+02  -5.8222003e+01   1.0000000e+00
   1.3366667e+02  -5.8254254e+01   1.0000000e+00
   1.3395701e+02  -5.8274158e+01   1.0000000e+00
   1.3400000e+02  -5.8277145e+01   1.0000000e+00
   1.3433333e+02  -5.8311170e+01   1.0000000e+00
   1.3466667e+02  -5.8365621e+01   1.0000000e+00
   1.3500000e+02  -5.8434009e+01   1.0000000e+00
   1.3507168e+02  -5.8449009e+01   1.0000000e+00
   1.3533333e+02  -5.8502966e+01   1.0000000e+00
   1.3566667e+02  -5.8573114e+01   1.0000000e+00
   1.3586742e+02  -5.8622997e+01   1.0000000e+00
   1.3600000e+02  -5.8655772e+01   1.0000000e+00
   1.3633333e+02  -5.8727691e+01   1.0000000e+00
   1.3666667e+02  -5.8768184e+01   1.0000000e+00
   1.3700000e+02  -5.8783614e+01   1.0000000e+00
   1.3733333e+02  -5.8783137e+01   1.0000000e+00
   1.3766667e+02  -5.8781332e+01   1.0000000e+00
   1.3800000e+02  -5.8788657e+01   1.0000000e+00
   1.3809426e+02  -5.8796120e+01   1.0000000e+00
   1.3833333e+02  -5.8818793e+01   1.0000000e+00
   1.3866667e+02  -5.8884654e+01   1.0000000e+00
   1.3900000e+02  -5.8967051e+01   1.0000000e+00
   1.3900736e+02  -5.8968388e+01   1.0000000e+00
   1.3933333e+02  -5.9015608e+01   1.0000000e+00
   1.3966667e+02  -5.9045858e+01   1.0000000e+00
   1.4000000e+02  -5.9056965e+01   1.0000000e+00
   1.4033333e+02  -5.9045963e+01   1.0000000e+00
   1.4066667e+02  -5.9015472e+01   1.0000000e+00
   1.4093056e+02  -5.8968388e+01   1.0000000e+00
   1.4100000e+02  -5.8950219e+01   1.0000000e+00
   1.4133333e+02  -5.8813734e+01   1.0000000e+00
   1.4136819e+02  -5.8796120e+01   1.0000000e+00
   1.4160656e+02  -5.8622997e+01   1.0000000e+00
   1.4166667e+02  -5.8563623e+01   1.0000000e+00
   1.4175872e+02  -5.8449009e+01   1.0000000e+00
   1.4181287e+02  -5.8274158e+01   1.0000000e+00
   1.4180675e+02  -5.8098438e+01   1.0000000e+00
   1.4178580e+02  -5.7921848e+01   1.0000000e+00
   1.4185218e+02  -5.7744385e+01   1.0000000e+00
   1.4200000e+02  -5.7573676e+01   1.0000000e+00
   1.4200618e+02  -5.7566048e+01   1.0000000e+00
   1.4213034e+02  -5.7386833e+01   1.0000000e+00
   1.4228459e+02  -5.7206738e+01   1.0000000e+00
   1.4233333e+02  -5.7176752e+01   1.0000000e+00
   1.4266667e+02  -5.7085341e+01   1.0000000e+00
   1.4300000e+02  -5.7088914e+01   1.0000000e+00
   1.4333333e+02  -5.7164764e+01   1.0000000e+00
   1.4355218e+02  -5.7206738e+01   1.0000000e+00
   1.4366667e+02  -5.7224056e+01   1.0000000e+00
   1.4381035e+02  -5.7206738e+01   1.0000000e+00
   1.4400000e+02  -5.7158277e+01   1.0000000e+00
   1.4411882e+02  -5.7025761e+01   1.0000000e+00
   1.4425167e+02  -5.6843895e+01   1.0000000e+00
   1.4433333e+02  -5.6780766e+01   1.0000000e+00
   1.4452388e+02  -5.6661144e+01   1.0000000e+00
   1.4466667e+02  -5.6610450e+01   1.0000000e+00
   1.4500000e+02  -5.6497569e+01   1.0000000e+00
   1.4507061e+02  -5.6477505e+01   1.0000000e+00
   1.4533333e+02  -5.6427297e+01   1.0000000e+00
   1.4566667e+02  -5.6371034e+01   1.0000000e+00
   1.4600000e+02  -5.6332189e+01   1.0000000e+00
   1.4633333e+02  -5.6329646e+01   1.0000000e+00
   1.4666667e+02  -5.6347891e+01   1.0000000e+00
   1.4700000e+02  -5.6378531e+01   1.0000000e+00
   1.4733333e+02  -5.6423765e+01   1.0000000e+00
   1.4766667e+02  -5.6476262e+01   1.0000000e+00
   1.4767286e+02  -5.6477505e+01   1.0000000e+00
   1.4800000e+02  -5.6540181e+01   1.0000000e+00
   1.4833333e+02  -5.6618427e+01   1.0000000e+00
   1.4851044e+02  -5.6661144e+01   1.0000000e+00
   1.4866667e+02  -5.6697044e+01   1.0000000e+00
   1.4900000e+02  -5.6761816e+01   1.0000000e+00
   1.4933333e+02  -5.6813051e+01   1.0000000e+00
   1.4957894e+02  -5.6843895e+01   1.0000000e+00
   1.4966667e+02  -5.6856646e+01   1.0000000e+00
   1.5000000e+02  -5.6894909e+01   1.0000000e+00
   1.5033333e+02  -5.6929338e+01   1.0000000e+00
   1.5066667e+02  -5.6967468e+01   1.0000000e+00
   1.5100000e+02  -5.7018222e+01   1.0000000e+00
   1.5103892e+02  -5.7025761e+01   1.0000000e+00
   1.5133333e+02  -5.7105457e+01   1.0000000e+00
   1.5166667e+02  -5.7196522e+01   1.0000000e+00
   1.5170258e+02  -5.7206738e+01   1.0000000e+00
   1.5200000e+02  -5.7280524e+01   1.0000000e+00
   1.5233333e+02  -5.7344301e+01   1.0000000e+00
   1.5266667e+02  -5.7374995e+01   1.0000000e+00
   1.5293447e+02  -5.7386833e+01   1.0000000e+00
   1.5300000e+02  -5.7389720e+01   1.0000000e+00
   1.5333333e+02  -5.7412415e+01   1.0000000e+00
   1.5366667e+02  -5.7463342e+01   1.0000000e+00
   1.5400000e+02  -5.7547133e+01   1.0000000e+00
   1.5406476e+02  -5.7566048e+01   1.0000000e+00
   1.5433333e+02  -5.7637386e+01   1.0000000e+00
   1.5466667e+02  -5.7712887e+01   1.0000000e+00
   1.5483498e+02  -5.7744385e+01   1.0000000e+00
   1.5500000e+02  -5.7776371e+01   1.0000000e+00
   1.5533333e+02  -5.7839761e+01   1.0000000e+00
   1.5566667e+02  -5.7900276e+01   1.0000000e+00
   1.5585521e+02  -5.7921848e+01   1.0000000e+00
   1.5600000e+02  -5.7939295e+01   1.0000000e+00
   1.5633333e+02  -5.7949948e+01   1.0000000e+00
   1.5666667e+02  -5.7939244e+01   1.0000000e+00
   1.5688129e+02  -5.7921848e+01   1.0000000e+00
   1.5700000e+02  -5.7911494e+01   1.0000000e+00
   1.5733333e+02  -5.7867657e+01   1.0000000e+00
   1.5766667e+02  -5.7804130e+01   1.0000000e+00
   1.5787150e+02  -5.7744385e+01   1.0000000e+00
   1.5800000e+02  -5.7709317e+01   1.0000000e+00
   1.5833333e+02  -5.7586965e+01   1.0000000e+00
   1.5840127e+02  -5.7566048e+01   1.0000000e+00
   1.5866667e+02  -5.7496161e+01   1.0000000e+00
   1.5900000e+02  -5.7484678e+01   1.0000000e+00
   1.5933333e+02  -5.7556483e+01   1.0000000e+00
   1.5935707e+02  -5.7566048e+01   1.0000000e+00
   1.5966667e+02  -5.7702062e+01   1.0000000e+00
   1.5973837e+02  -5.7744385e+01   1.0000000e+00
   1.5998217e+02  -5.7921848e+01   1.0000000e+00
   1.6000000e+02  -5.7941876e+01   1.0000000e+00
   1.6013390e+02  -5.8098438e+01   1.0000000e+00
   1.6024411e+02  -5.8274158e+01   1.0000000e+00
   1.6033333e+02  -5.8400814e+01   1.0000000e+00
   1.6037215e+02  -5.8449009e+01   1.0000000e+00
   1.6060433e+02  -5.8622997e+01   1.0000000e+00
   1.6066667e+02  -5.8650991e+01   1.0000000e+00
   1.6100000e+02  -5.8781125e+01   1.0000000e+00
   1.6103582e+02  -5.8796120e+01   1.0000000e+00
   1.6133333e+02  -5.8895544e+01   1.0000000e+00
   1.6152297e+02  -5.8968388e+01   1.0000000e+00
   1.6166667e+02  -5.9012058e+01   1.0000000e+00
   1.6197728e+02  -5.9139797e+01   1.0000000e+00
   1.6200000e+02  -5.9149651e+01   1.0000000e+00
   1.6230991e+02  -5.9310352e+01   1.0000000e+00
   1.6233333e+02  -5.9323029e+01   1.0000000e+00
   1.6266667e+02  -5.9473390e+01   1.0000000e+00
   1.6268460e+02  -5.9480057e+01   1.0000000e+00
   1.6300000e+02  -5.9591656e+01   1.0000000e+00
   1.6316317e+02  -5.9648911e+01   1.0000000e+00
   1.6333333e+02  -5.9712800e+01   1.0000000e+00
   1.6358906e+02  -5.9816921e+01   1.0000000e+00
   1.6366667e+02  -5.9849678e+01   1.0000000e+00
   1.6392500e+02  -5.9984089e+01   1.0000000e+00
   1.6400000e+02  -6.0018094e+01   1.0000000e+00
   1.6426947e+02  -6.0150417e+01   1.0000000e+00
   1.6433333e+02  -6.0176401e+01   1.0000000e+00
   1.6466667e+02  -6.0287687e+01   1.0000000e+00
   1.6478122e+02  -6.0315907e+01   1.0000000e+00
   1.6500000e+02  -6.0360052e+01   1.0000000e+00
   1.6533333e+02  -6.0421412e+01   1.0000000e+00
   1.6564127e+02  -6.0480560e+01   1.0000000e+00
   1.6566667e+02  -6.0485528e+01   1.0000000e+00
   1.6600000e+02  -6.0555720e+01   1.0000000e+00
   1.6633333e+02  -6.0630847e+01   1.0000000e+00
   1.6639201e+02  -6.0644386e+01   1.0000000e+00
   1.6666667e+02  -6.0710586e+01   1.0000000e+00
   1.6700000e+02  -6.0789580e+01   1.0000000e+00
   1.6708362e+02  -6.0807381e+01   1.0000000e+00
   1.6733333e+02  -6.0861903e+01   1.0000000e+00
   1.6766667e+02  -6.0925133e+01   1.0000000e+00
   1.6789399e+02  -6.0969551e+01   1.0000000e+00
   1.6800000e+02  -6.0990665e+01   1.0000000e+00
   1.6833333e+02  -6.1070742e+01   1.0000000e+00
   1.6856989e+02  -6.1130898e+01   1.0000000e+00
   1.6866667e+02  -6.1155129e+01   1.0000000e+00
   1.6900000e+02  -6.1232769e+01   1.0000000e+00
   1.6929861e+02  -6.1291428e+01   1.0000000e+00
   1.6933333e+02  -6.1298228e+01   1.0000000e+00
   1.6966667e+02  -6.1358232e+01   1.0000000e+00
   1.7000000e+02  -6.1417289e+01   1.0000000e+00
   1.7017188e+02  -6.1451138e+01   1.0000000e+00
   1.7033333e+02  -6.1483138e+01   1.0000000e+00
   1.7066667e+02  -6.1555676e+01   1.0000000e+00
   1.7089719e+02  -6.1610031e+01   1.0000000e+00
   1.7100000e+02  -6.1635376e+01   1.0000000e+00
   1.7133333e+02  -6.1719943e+01   1.0000000e+00
   1.7151542e+02  -6.1768116e+01   1.0000000e+00
   1.7166667e+02  -6.1812998e+01   1.0000000e+00
   1.7200000e+02  -6.1912859e+01   1.0000000e+00
   1.7204288e+02  -6.1925392e+01   1.0000000e+00
   1.7233333e+02  -6.2019181e+01   1.0000000e+00
   1.7255083e+02  -6.2081867e+01   1.0000000e+00
   1.7266667e+02  -6.2114336e+01   1.0000000e+00
   1.7300000e+02  -6.2192127e+01   1.0000000e+00
   1.7322501e+02  -6.2237534e+01   1.0000000e+00
   1.7333333e+02  -6.2259804e+01   1.0000000e+00
   1.7366667e+02  -6.2327303e+01   1.0000000e+00
   1.7399997e+02  -6.2392406e+01   1.0000000e+00
   1.7400000e+02  -6.2392413e+01   1.0000000e+00
   1.7433333e+02  -6.2447254e+01   1.0000000e+00
   1.7466667e+02  -6.2485940e+01   1.0000000e+00
   1.7500000e+02  -6.2514708e+01   1.0000000e+00
   1.7533333e+02  -6.2538507e+01   1.0000000e+00
   1.7543793e+02  -6.2546478e+01   1.0000000e+00
   1.7566667e+02  -6.2568079e+01   1.0000000e+00
   1.7600000e+02  -6.2601741e+01   1.0000000e+00
   1.7633333e+02  -6.2636537e+01   1.0000000e+00
   1.7666667e+02  -6.2681773e+01   1.0000000e+00
   1.7675875e+02  -6.2699757e+01   1.0000000e+00
   1.7700000e+02  -6.2772131e+01   1.0000000e+00
   1.7720203e+02  -6.2852249e+01   1.0000000e+00
   1.7733333e+02  -6.2932011e+01   1.0000000e+00
   1.7745596e+02  -6.3003952e+01   1.0000000e+00
   1.7766667e+02  -6.3130291e+01   1.0000000e+00
   1.7772608e+02  -6.3154869e+01   1.0000000e+00
   1.7800000e+02  -6.3248495e+01   1.0000000e+00
   1.7833333e+02  -6.3294915e+01   1.0000000e+00
   1.7851523e+02  -6.3305004e+01   1.0000000e+00
   1.7866667e+02  -6.3312578e+01   1.0000000e+00
   1.7900000e+02  -6.3312969e+01   1.0000000e+00
   1.7910211e+02  -6.3305004e+01   1.0000000e+00
   1.7933333e+02  -6.3286883e+01   1.0000000e+00
   1.7966667e+02  -6.3248751e+01   1.0000000e+00
   1.8000000e+02  -6.3208921e+01   1.0000000e+00
   1.8033333e+02  -6.3169902e+01   1.0000000e+00
   1.8048332e+02  -6.3154869e+01   1.0000000e+00
   1.8066667e+02  -6.3137218e+01   1.0000000e+00
   1.8100000e+02  -6.3103116e+01   1.0000000e+00
   1.8133333e+02  -6.3065276e+01   1.0000000e+00
   1.8166667e+02  -6.3029933e+01   1.0000000e+00
   1.8198561e+02  -6.3003952e+01   1.0000000e+00
   1.8200000e+02  -6.3002715e+01   1.0000000e+00
   1.8233333e+02  -6.2981606e+01   1.0000000e+00
   1.8266667e+02  -6.2950958e+01   1.0000000e+00
   1.8300000e+02  -6.2891575e+01   1.0000000e+00
   1.8315099e+02  -6.2852249e+01   1.0000000e+00
   1.8333333e+02  -6.2803808e+01   1.0000000e+00
   1.8366667e+02  -6.2707730e+01   1.0000000e+00
   1.8369505e+02  -6.2699757e+01   1.0000000e+00
   1.8400000e+02  -6.2605136e+01   1.0000000e+00
   1.8419984e+02  -6.2546478e+01   1.0000000e+00
   1.8433333e+02  -6.2506470e+01   1.0000000e+00
   1.8466667e+02  -6.2428269e+01   1.0000000e+00
   1.8489328e+02  -6.2392406e+01   1.0000000e+00
   1.8500000e+02  -6.2378072e+01   1.0000000e+00
   1.8533333e+02  -6.2346995e+01   1.0000000e+00
   1.8566667e+02  -6.2320423e+01   1.0000000e+00
   1.8600000e+02  -6.2294323e+01   1.0000000e+00
   1.8633333e+02  -6.2270193e+01   1.0000000e+00
   1.8666667e+02  -6.2244199e+01   1.0000000e+00
   1.8673772e+02  -6.2237534e+01   1.0000000e+00
   1.8700000e+02  -6.2213403e+01   1.0000000e+00
   1.8733333e+02  -6.2178618e+01   1.0000000e+00
   1.8766667e+02  -6.2139432e+01   1.0000000e+00
   1.8800000e+02  -6.2093578e+01   1.0000000e+00
   1.8807697e+02  -6.2081867e+01   1.0000000e+00
   1.8833333e+02  -6.2042918e+01   1.0000000e+00
   1.8866667e+02  -6.1990734e+01   1.0000000e+00
   1.8900000e+02  -6.1942818e+01   1.0000000e+00
   1.8917385e+02  -6.1925392e+01   1.0000000e+00
   1.8933333e+02  -6.1909070e+01   1.0000000e+00
   1.8966667e+02  -6.1879667e+01   1.0000000e+00
   1.9000000e+02  -6.1851483e+01   1.0000000e+00
   1.9033333e+02  -6.1829068e+01   1.0000000e+00
   1.9066667e+02  -6.1810406e+01   1.0000000e+00
   1.9100000e+02  -6.1790869e+01   1.0000000e+00
   1.9133333e+02  -6.1774599e+01   1.0000000e+00
   1.9151777e+02  -6.1768116e+01   1.0000000e+00
   1.9166667e+02  -6.1762908e+01   1.0000000e+00
   1.9200000e+02  -6.1758710e+01   1.0000000e+00
   1.9233333e+02  -6.1754511e+01   1.0000000e+00
   1.9266667e+02  -6.1744400e+01   1.0000000e+00
   1.9300000e+02  -6.1729339e+01   1.0000000e+00
   1.9333333e+02  -6.1698935e+01   1.0000000e+00
   1.9366667e+02  -6.1664758e+01   1.0000000e+00
   1.9400000e+02  -6.1625820e+01   1.0000000e+00
   1.9410560e+02  -6.1610031e+01   1.0000000e+00
   1.9433333e+02  -6.1570302e+01   1.0000000e+00
   1.9466667e+02  -6.1511826e+01   1.0000000e+00
   1.9500000e+02  -6.1459046e+01   1.0000000e+00
   1.9504340e+02  -6.1451138e+01   1.0000000e+00
   1.9533333e+02  -6.1395056e+01   1.0000000e+00
   1.9566667e+02  -6.1317657e+01   1.0000000e+00
   1.9576496e+02  -6.1291428e+01   1.0000000e+00
   1.9600000e+02  -6.1220544e+01   1.0000000e+00
   1.9626504e+02  -6.1130898e+01   1.0000000e+00
   1.9633333e+02  -6.1108883e+01   1.0000000e+00
   1.9666667e+02  -6.1003507e+01   1.0000000e+00
   1.9678500e+02  -6.0969551e+01   1.0000000e+00
   1.9700000e+02  -6.0916807e+01   1.0000000e+00
   1.9733333e+02  -6.0850184e+01   1.0000000e+00
   1.9759005e+02  -6.0807381e+01   1.0000000e+00
   1.9766667e+02  -6.0795702e+01   1.0000000e+00
   1.9800000e+02  -6.0752626e+01   1.0000000e+00
   1.9833333e+02  -6.0725316e+01   1.0000000e+00
   1.9866667e+02  -6.0697760e+01   1.0000000e+00
   1.9900000e+02  -6.0661950e+01   1.0000000e+00
   1.9911341e+02  -6.0644386e+01   1.0000000e+00
   1.9933333e+02  -6.0612500e+01   1.0000000e+00
   1.9966667e+02  -6.0549620e+01   1.0000000e+00
   1.9997103e+02  -6.0480560e+01   1.0000000e+00
   2.0000000e+02  -6.0474310e+01   1.0000000e+00
   2.0033333e+02  -6.0390338e+01   1.0000000e+00
   2.0060296e+02  -6.0315907e+01   1.0000000e+00
   2.0066667e+02  -6.0297527e+01   1.0000000e+00
   2.0100000e+02  -6.0191216e+01   1.0000000e+00
   2.0112009e+02  -6.0150417e+01   1.0000000e+00
   2.0133333e+02  -6.0073726e+01   1.0000000e+00
   2.0159640e+02  -5.9984089e+01   1.0000000e+00
   2.0166667e+02  -5.9961921e+01   1.0000000e+00
   2.0200000e+02  -5.9866528e+01   1.0000000e+00
   2.0216725e+02  -5.9816921e+01   1.0000000e+00
   2.0233333e+02  -5.9767658e+01   1.0000000e+00
   2.0266667e+02  -5.9655451e+01   1.0000000e+00
   2.0268444e+02  -5.9648911e+01   1.0000000e+00
   2.0300000e+02  -5.9530273e+01   1.0000000e+00
   2.0312484e+02  -5.9480057e+01   1.0000000e+00
   2.0333333e+02  -5.9402502e+01   1.0000000e+00
   2.0358616e+02  -5.9310352e+01   1.0000000e+00
   2.0366667e+02  -5.9282965e+01   1.0000000e+00
   2.0400000e+02  -5.9173324e+01   1.0000000e+00
   2.0410214e+02  -5.9139797e+01   1.0000000e+00
   2.0433333e+02  -5.9066158e+01   1.0000000e+00
   2.0462042e+02  -5.8968388e+01   1.0000000e+00
   2.0466667e+02  -5.8952260e+01   1.0000000e+00
   2.0500000e+02  -5.8822202e+01   1.0000000e+00
   2.0506089e+02  -5.8796120e+01   1.0000000e+00
   2.0533333e+02  -5.8664744e+01   1.0000000e+00
   2.0541283e+02  -5.8622997e+01   1.0000000e+00
   2.0566667e+02  -5.8474622e+01   1.0000000e+00
   2.0570712e+02  -5.8449009e+01   1.0000000e+00
   2.0596953e+02  -5.8274158e+01   1.0000000e+00
   2.0600000e+02  -5.8252256e+01   1.0000000e+00
   2.0622295e+02  -5.8098438e+01   1.0000000e+00
   2.0633333e+02  -5.8026686e+01   1.0000000e+00
   2.0653274e+02  -5.7921848e+01   1.0000000e+00
   2.0666667e+02  -5.7861381e+01   1.0000000e+00
   2.0698978e+02  -5.7744385e+01   1.0000000e+00
   2.0700000e+02  -5.7740822e+01   1.0000000e+00
   2.0733333e+02  -5.7641610e+01   1.0000000e+00
   2.0762311e+02  -5.7566048e+01   1.0000000e+00
   2.0766667e+02  -5.7555218e+01   1.0000000e+00
   2.0800000e+02  -5.7476413e+01   1.0000000e+00
   2.0833333e+02  -5.7393777e+01   1.0000000e+00
   2.0835667e+02  -5.7386833e+01   1.0000000e+00
   2.0866667e+02  -5.7298380e+01   1.0000000e+00
   2.0896718e+02  -5.7206738e+01   1.0000000e+00
   2.0900000e+02  -5.7197302e+01   1.0000000e+00
   2.0933333e+02  -5.7103167e+01   1.0000000e+00
   2.0962902e+02  -5.7025761e+01   1.0000000e+00
   2.0966667e+02  -5.7015380e+01   1.0000000e+00
   2.1000000e+02  -5.6927404e+01   1.0000000e+00
   2.1033333e+02  -5.6858195e+01   1.0000000e+00
   2.1041338e+02  -5.6843895e+01   1.0000000e+00
   2.1066667e+02  -5.6787136e+01   1.0000000e+00
   2.1100000e+02  -5.6716279e+01   1.0000000e+00
   2.1128864e+02  -5.6661144e+01   1.0000000e+00
   2.1133333e+02  -5.6651307e+01   1.0000000e+00
   2.1166667e+02  -5.6581322e+01   1.0000000e+00
   2.1200000e+02  -5.6533959e+01   1.0000000e+00
   2.1233333e+02  -5.6526633e+01   1.0000000e+00
   2.1266667e+02  -5.6546217e+01   1.0000000e+00
   2.1300000e+02  -5.6577425e+01   1.0000000e+00
   2.1333333e+02  -5.6618140e+01   1.0000000e+00
   2.1365600e+02  -5.6661144e+01   1.0000000e+00
   2.1366667e+02  -5.6662516e+01   1.0000000e+00
   2.1400000e+02  -5.6704979e+01   1.0000000e+00
   2.1433333e+02  -5.6737234e+01   1.0000000e+00
   2.1466667e+02  -5.6757500e+01   1.0000000e+00
   2.1500000e+02  -5.6774597e+01   1.0000000e+00
   2.1533333e+02  -5.6795622e+01   1.0000000e+00
   2.1566667e+02  -5.6818078e+01   1.0000000e+00
   2.1600000e+02  -5.6841386e+01   1.0000000e+00
   2.1603289e+02  -5.6843895e+01   1.0000000e+00
   2.1633333e+02  -5.6867491e+01   1.0000000e+00
   2.1666667e+02  -5.6892380e+01   1.0000000e+00
   2.1700000e+02  -5.6919426e+01   1.0000000e+00
   2.1733333e+02  -5.6947712e+01   1.0000000e+00
   2.1766667e+02  -5.6976719e+01   1.0000000e+00
   2.1800000e+02  -5.7006670e+01   1.0000000e+00
   2.1824819e+02  -5.7025761e+01   1.0000000e+00
   2.1833333e+02  -5.7034165e+01   1.0000000e+00
   2.1866667e+02  -5.7058957e+01   1.0000000e+00
   2.1900000e+02  -5.7072806e+01   1.0000000e+00
   2.1933333e+02  -5.7075928e+01   1.0000000e+00
   2.1966667e+02  -5.7079203e+01   1.0000000e+00
   2.2000000e+02  -5.7089611e+01   1.0000000e+00
   2.2033333e+02  -5.7109049e+01   1.0000000e+00
   2.2066667e+02  -5.7134979e+01   1.0000000e+00
   2.2100000e+02  -5.7166227e+01   1.0000000e+00
   2.2130522e+02  -5.7206738e+01   1.0000000e+00
   2.2133333e+02  -5.7210479e+01   1.0000000e+00
   2.2166667e+02  -5.7255751e+01   1.0000000e+00
   2.2200000e+02  -5.7306700e+01   1.0000000e+00
   2.2232333e+02  -5.7386833e+01   1.0000000e+00
   2.2233333e+02  -5.7388685e+01   1.0000000e+00
   2.2266667e+02  -5.7462122e+01   1.0000000e+00
   2.2300000e+02  -5.7535541e+01   1.0000000e+00
   2.2314058e+02  -5.7566048e+01   1.0000000e+00
   2.2333333e+02  -5.7599501e+01   1.0000000e+00
   2.2366667e+02  -5.7656416e+01   1.0000000e+00
   2.2400000e+02  -5.7737830e+01   1.0000000e+00
   2.2401917e+02  -5.7744385e+01   1.0000000e+00
   2.2433333e+02  -5.7866498e+01   1.0000000e+00
   2.2445883e+02  -5.7921848e+01   1.0000000e+00
   2.2466667e+02  -5.8031621e+01   1.0000000e+00
   2.2483217e+02  -5.8098438e+01   1.0000000e+00
   2.2500000e+02  -5.8176856e+01   1.0000000e+00
   2.2527511e+02  -5.8274158e+01   1.0000000e+00
   2.2533333e+02  -5.8298131e+01   1.0000000e+00
   2.2566667e+02  -5.8414541e+01   1.0000000e+00
   2.2575290e+02  -5.8449009e+01   1.0000000e+00
   2.2600000e+02  -5.8564933e+01   1.0000000e+00
   2.2607310e+02  -5.8622997e+01   1.0000000e+00
   2.2631565e+02  -5.8796120e+01   1.0000000e+00
   2.2633333e+02  -5.8805677e+01   1.0000000e+00
   2.2663125e+02  -5.8968388e+01   1.0000000e+00
   2.2666667e+02  -5.8984330e+01   1.0000000e+00
   2.2700000e+02  -5.9136505e+01   1.0000000e+00
   2.2700657e+02  -5.9139797e+01   1.0000000e+00
   2.2732285e+02  -5.9310352e+01   1.0000000e+00
   2.2733333e+02  -5.9317871e+01   1.0000000e+00
   2.2755849e+02  -5.9480057e+01   1.0000000e+00
   2.2766667e+02  -5.9590735e+01   1.0000000e+00
   2.2773292e+02  -5.9648911e+01   1.0000000e+00
   2.2790872e+02  -5.9816921e+01   1.0000000e+00
   2.2800000e+02  -5.9897392e+01   1.0000000e+00
   2.2810772e+02  -5.9984089e+01   1.0000000e+00
   2.2830840e+02  -6.0150417e+01   1.0000000e+00
   2.2833333e+02  -6.0165083e+01   1.0000000e+00
   2.2866667e+02  -6.0263720e+01   1.0000000e+00
   2.2900000e+02  -6.0304436e+01   1.0000000e+00
   2.2907992e+02  -6.0315907e+01   1.0000000e+00
   2.2933333e+02  -6.0346353e+01   1.0000000e+00
   2.2966667e+02  -6.0425179e+01   1.0000000e+00
   2.2982386e+02  -6.0480560e+01   1.0000000e+00
   2.3000000e+02  -6.0560962e+01   1.0000000e+00
   2.3019023e+02  -6.0644386e+01   1.0000000e+00
   2.3033333e+02  -6.0705457e+01   1.0000000e+00
   2.3062216e+02  -6.0807381e+01   1.0000000e+00
   2.3066667e+02  -6.0823507e+01   1.0000000e+00
   2.3100000e+02  -6.0925680e+01   1.0000000e+00
   2.3120106e+02  -6.0969551e+01   1.0000000e+00
   2.3133333e+02  -6.1015489e+01   1.0000000e+00
   2.3166667e+02  -6.1109375e+01   1.0000000e+00
   2.3173827e+02  -6.1130898e+01   1.0000000e+00
   2.3200000e+02  -6.1213410e+01   1.0000000e+00
   2.3220367e+02  -6.1291428e+01   1.0000000e+00
   2.3233333e+02  -6.1336110e+01   1.0000000e+00
   2.3256755e+02  -6.1451138e+01   1.0000000e+00
   2.3266667e+02  -6.1513441e+01   1.0000000e+00
   2.3277187e+02  -6.1610031e+01   1.0000000e+00
   2.3295727e+02  -6.1768116e+01   1.0000000e+00
   2.3300000e+02  -6.1793758e+01   1.0000000e+00
   2.3320459e+02  -6.1925392e+01   1.0000000e+00
   2.3333333e+02  -6.1993948e+01   1.0000000e+00
   2.3356797e+02  -6.2081867e+01   1.0000000e+00
   2.3366667e+02  -6.2117412e+01   1.0000000e+00
   2.3400000e+02  -6.2201218e+01   1.0000000e+00
   2.3412541e+02  -6.2237534e+01   1.0000000e+00
   2.3433333e+02  -6.2290769e+01   1.0000000e+00
   2.3462328e+02  -6.2392406e+01   1.0000000e+00
   2.3466667e+02  -6.2408897e+01   1.0000000e+00
   2.3493038e+02  -6.2546478e+01   1.0000000e+00
   2.3500000e+02  -6.2587882e+01   1.0000000e+00
   2.3521805e+02  -6.2699757e+01   1.0000000e+00
   2.3533333e+02  -6.2746512e+01   1.0000000e+00
   2.3566667e+02  -6.2850174e+01   1.0000000e+00
   2.3567391e+02  -6.2852249e+01   1.0000000e+00
   2.3599074e+02  -6.3003952e+01   1.0000000e+00
   2.3600000e+02  -6.3018103e+01   1.0000000e+00
   2.3609215e+02  -6.3154869e+01   1.0000000e+00
   2.3606816e+02  -6.3305004e+01   1.0000000e+00
   2.3600000e+02  -6.3397644e+01   1.0000000e+00
   2.3596071e+02  -6.3454365e+01   1.0000000e+00
   2.3585988e+02  -6.3602947e+01   1.0000000e+00
   2.3580917e+02  -6.3750755e+01   1.0000000e+00
   2.3590995e+02  -6.3897800e+01   1.0000000e+00
   2.3600000e+02  -6.3934689e+01   1.0000000e+00
   2.3633333e+02  -6.4039774e+01   1.0000000e+00
   2.3634850e+02  -6.4044075e+01   1.0000000e+00
   2.3666667e+02  -6.4101085e+01   1.0000000e+00
   2.3700000e+02  -6.4161050e+01   1.0000000e+00
   2.3714107e+02  -6.4189583e+01   1.0000000e+00
   2.3733333e+02  -6.4223127e+01   1.0000000e+00
   2.3766667e+02  -6.4294595e+01   1.0000000e+00
   2.3782394e+02  -6.4334335e+01   1.0000000e+00
   2.3800000e+02  -6.4382493e+01   1.0000000e+00
   2.3833333e+02  -6.4465008e+01   1.0000000e+00
   2.3840047e+02  -6.4478333e+01   1.0000000e+00
   2.3866667e+02  -6.4519362e+01   1.0000000e+00
   2.3900000e+02  -6.4560216e+01   1.0000000e+00
   2.3933333e+02  -6.4597293e+01   1.0000000e+00
   2.3954218e+02  -6.4621574e+01   1.0000000e+00
   2.3966667e+02  -6.4635243e+01   1.0000000e+00
   2.4000000e+02  -6.4670326e+01   1.0000000e+00
   2.4033333e+02  -6.4706657e+01   1.0000000e+00
   2.4066667e+02  -6.4733624e+01   1.0000000e+00
   2.4100000e+02  -6.4741883e+01   1.0000000e+00
   2.4133333e+02  -6.4733306e+01   1.0000000e+00
   2.4166667e+02  -6.4703975e+01   1.0000000e+00
   2.4200000e+02  -6.4666644e+01   1.0000000e+00
   2.4233333e+02  -6.4646357e+01   1.0000000e+00
   2.4266667e+02  -6.4641083e+01   1.0000000e+00
   2.4300000e+02  -6.4649236e+01   1.0000000e+00
   2.4333333e+02  -6.4658554e+01   1.0000000e+00
   2.4366667e+02  -6.4660950e+01   1.0000000e+00
   2.4400000e+02  -6.4646814e+01   1.0000000e+00
   2.4430141e+02  -6.4621574e+01   1.0000000e+00
   2.4433333e+02  -6.4618708e+01   1.0000000e+00
   2.4466667e+02  -6.4601938e+01   1.0000000e+00
   2.4500000e+02  -6.4603214e+01   1.0000000e+00
   2.4533333e+02  -6.4609309e+01   1.0000000e+00
   2.4566667e+02  -6.4612515e+01   1.0000000e+00
   2.4600000e+02  -6.4613401e+01   1.0000000e+00
   2.4633333e+02  -6.4618046e+01   1.0000000e+00
   2.4648620e+02  -6.4621574e+01   1.0000000e+00
   2.4666667e+02  -6.4625770e+01   1.0000000e+00
   2.4700000e+02  -6.4621987e+01   1.0000000e+00
   2.4700630e+02  -6.4621574e+01   1.0000000e+00
   2.4733333e+02  -6.4599883e+01   1.0000000e+00
   2.4766667e+02  -6.4556693e+01   1.0000000e+00
   2.4800000e+02  -6.4497747e+01   1.0000000e+00
   2.4810876e+02  -6.4478333e+01   1.0000000e+00
   2.4833333e+02  -6.4436746e+01   1.0000000e+00
   2.4866667e+02  -6.4385348e+01   1.0000000e+00
   2.4900000e+02  -6.4348542e+01   1.0000000e+00
   2.4922030e+02  -6.4334335e+01   1.0000000e+00
   2.4933333e+02  -6.4327162e+01   1.0000000e+00
   2.4966667e+02  -6.4316769e+01   1.0000000e+00
   2.5000000e+02  -6.4317411e+01   1.0000000e+00
   2.5033333e+02  -6.4322693e+01   1.0000000e+00
   2.5066667e+02  -6.4315159e+01   1.0000000e+00
   2.5100000e+02  -6.4308264e+01   1.0000000e+00
   2.5133333e+02  -6.4333997e+01   1.0000000e+00
   2.5133506e+02  -6.4334335e+01   1.0000000e+00
   2.5166667e+02  -6.4454561e+01   1.0000000e+00
   2.5172347e+02  -6.4478333e+01   1.0000000e+00
   2.5200000e+02  -6.4572584e+01   1.0000000e+00
   2.5215726e+02  -6.4621574e+01   1.0000000e+00
   2.5233333e+02  -6.4667018e+01   1.0000000e+00
   2.5266667e+02  -6.4758147e+01   1.0000000e+00
   2.5269020e+02  -6.4764061e+01   1.0000000e+00
   2.5300000e+02  -6.4855692e+01   1.0000000e+00
   2.5319139e+02  -6.4905807e+01   1.0000000e+00
   2.5333333e+02  -6.4942330e+01   1.0000000e+00
   2.5366667e+02  -6.5033220e+01   1.0000000e+00
   2.5371500e+02  -6.5046806e+01   1.0000000e+00
   2.5400000e+02  -6.5108375e+01   1.0000000e+00
   2.5433333e+02  -6.5173415e+01   1.0000000e+00
   2.5439878e+02  -6.5187057e+01   1.0000000e+00
   2.5466667e+02  -6.5231485e+01   1.0000000e+00
   2.5500000e+02  -6.5305702e+01   1.0000000e+00
   2.5507867e+02  -6.5326576e+01   1.0000000e+00
   2.5533333e+02  -6.5379247e+01   1.0000000e+00
   2.5566667e+02  -6.5451259e+01   1.0000000e+00
   2.5573746e+02  -6.5465355e+01   1.0000000e+00
   2.5600000e+02  -6.5508092e+01   1.0000000e+00
   2.5622435e+02  -6.5603409e+01   1.0000000e+00
   2.5633334e+02  -6.5644184e+01   1.0000000e+00
   2.5666666e+02  -6.5721931e+01   1.0000000e+00
   2.5686368e+02  -6.5740723e+01   1.0000000e+00
   2.5700000e+02  -6.5754276e+01   1.0000000e+00
   2.5733334e+02  -6.5778003e+01   1.0000000e+00
   2.5766666e+02  -6.5750431e+01   1.0000000e+00
   2.5770355e+02  -6.5740723e+01   1.0000000e+00
   2.5800000e+02  -6.5657910e+01   1.0000000e+00
   2.5833334e+02  -6.5656244e+01   1.0000000e+00
   2.5866666e+02  -6.5652010e+01   1.0000000e+00
   2.5900000e+02  -6.5648386e+01   1.0000000e+00
   2.5933334e+02  -6.5645983e+01   1.0000000e+00
   2.5966666e+02  -6.5625143e+01   1.0000000e+00
   2.5987981e+02  -6.5603409e+01   1.0000000e+00
   2.6000000e+02  -6.5593642e+01   1.0000000e+00
   2.6033334e+02  -6.5571637e+01   1.0000000e+00
   2.6066666e+02  -6.5565079e+01   1.0000000e+00
   2.6100000e+02  -6.5577401e+01   1.0000000e+00
   2.6125375e+02  -6.5603409e+01   1.0000000e+00
   2.6133334e+02  -6.5611050e+01   1.0000000e+00
   2.6166666e+02  -6.5651841e+01   1.0000000e+00
   2.6200000e+02  -6.5691109e+01   1.0000000e+00
   2.6233334e+02  -6.5722630e+01   1.0000000e+00
   2.6261182e+02  -6.5740723e+01   1.0000000e+00
   2.6266666e+02  -6.5743618e+01   1.0000000e+00
   2.6300000e+02  -6.5755838e+01   1.0000000e+00
   2.6333334e+02  -6.5773965e+01   1.0000000e+00
   2.6366666e+02  -6.5801979e+01   1.0000000e+00
   2.6400000e+02  -6.5826574e+01   1.0000000e+00
   2.6433334e+02  -6.5867227e+01   1.0000000e+00
   2.6460680e+02  -6.5877319e+01   1.0000000e+00
   2.6466666e+02  -6.5879675e+01   1.0000000e+00
   2.6500000e+02  -6.5888742e+01   1.0000000e+00
   2.6533334e+02  -6.5914345e+01   1.0000000e+00
   2.6566666e+02  -6.5944410e+01   1.0000000e+00
   2.6600000e+02  -6.5984865e+01   1.0000000e+00
   2.6614159e+02  -6.6013184e+01   1.0000000e+00
   2.6633334e+02  -6.6044929e+01   1.0000000e+00
   2.6666666e+02  -6.6091870e+01   1.0000000e+00
   2.6700000e+02  -6.6121233e+01   1.0000000e+00
   2.6733334e+02  -6.6135760e+01   1.0000000e+00
   2.6766666e+02  -6.6138042e+01   1.0000000e+00
   2.6800000e+02  -6.6115208e+01   1.0000000e+00
   2.6833334e+02  -6.6064531e+01   1.0000000e+00
   2.6858953e+02  -6.6013184e+01   1.0000000e+00
   2.6866666e+02  -6.5997110e+01   1.0000000e+00
   2.6900000e+02  -6.5944371e+01   1.0000000e+00
   2.6933334e+02  -6.5903615e+01   1.0000000e+00
   2.6952617e+02  -6.5877319e+01   1.0000000e+00
   2.6966666e+02  -6.5858632e+01   1.0000000e+00
   2.7000000e+02  -6.5824290e+01   1.0000000e+00
   2.7033334e+02  -6.5817700e+01   1.0000000e+00
   2.7066666e+02  -6.5837159e+01   1.0000000e+00
   2.7100000e+02  -6.5867760e+01   1.0000000e+00
   2.7111291e+02  -6.5877319e+01   1.0000000e+00
   2.7133334e+02  -6.5899016e+01   1.0000000e+00
   2.7166666e+02  -6.5928737e+01   1.0000000e+00
   2.7200000e+02  -6.5944723e+01   1.0000000e+00
   2.7233334e+02  -6.5926204e+01   1.0000000e+00
   2.7266666e+02  -6.5881345e+01   1.0000000e+00
   2.7269179e+02  -6.5877319e+01   1.0000000e+00
   2.7300000e+02  -6.5843403e+01   1.0000000e+00
   2.7333334e+02  -6.5808109e+01   1.0000000e+00
   2.7366666e+02  -6.5778331e+01   1.0000000e+00
   2.7400000e+02  -6.5747052e+01   1.0000000e+00
   2.7406805e+02  -6.5740723e+01   1.0000000e+00
   2.7433334e+02  -6.5719727e+01   1.0000000e+00
   2.7466666e+02  -6.5695877e+01   1.0000000e+00
   2.7500000e+02  -6.5670415e+01   1.0000000e+00
   2.7533334e+02  -6.5628861e+01   1.0000000e+00
   2.7549250e+02  -6.5603409e+01   1.0000000e+00
   2.7566666e+02  -6.5574404e+01   1.0000000e+00
   2.7600000e+02  -6.5508390e+01   1.0000000e+00
   2.7620562e+02  -6.5465355e+01   1.0000000e+00
   2.7633334e+02  -6.5436313e+01   1.0000000e+00
   2.7666666e+02  -6.5364040e+01   1.0000000e+00
   2.7684422e+02  -6.5326576e+01   1.0000000e+00
   2.7700000e+02  -6.5284178e+01   1.0000000e+00
   2.7726282e+02  -6.5187057e+01   1.0000000e+00
   2.7733334e+02  -6.5156709e+01   1.0000000e+00
   2.7756567e+02  -6.5046806e+01   1.0000000e+00
   2.7766666e+02  -6.5005628e+01   1.0000000e+00
   2.7791523e+02  -6.4905807e+01   1.0000000e+00
   2.7800000e+02  -6.4877820e+01   1.0000000e+00
   2.7833334e+02  -6.4768202e+01   1.0000000e+00
   2.7834818e+02  -6.4764061e+01   1.0000000e+00
   2.7866666e+02  -6.4683457e+01   1.0000000e+00
   2.7900000e+02  -6.4622024e+01   1.0000000e+00
   2.7900268e+02  -6.4621574e+01   1.0000000e+00
   2.7933334e+02  -6.4560681e+01   1.0000000e+00
   2.7966666e+02  -6.4483365e+01   1.0000000e+00
   2.7968326e+02  -6.4478333e+01   1.0000000e+00
   2.8000000e+02  -6.4382512e+01   1.0000000e+00
   2.8012988e+02  -6.4334335e+01   1.0000000e+00
   2.8033334e+02  -6.4269192e+01   1.0000000e+00
   2.8061412e+02  -6.4189583e+01   1.0000000e+00
   2.8066666e+02  -6.4178426e+01   1.0000000e+00
   2.8100000e+02  -6.4101729e+01   1.0000000e+00
   2.8122144e+02  -6.4044075e+01   1.0000000e+00
   2.8133334e+02  -6.4019641e+01   1.0000000e+00
   2.8166666e+02  -6.3944387e+01   1.0000000e+00
   2.8188995e+02  -6.3897800e+01   1.0000000e+00
   2.8200000e+02  -6.3876722e+01   1.0000000e+00
   2.8233334e+02  -6.3820002e+01   1.0000000e+00
   2.8266666e+02  -6.3773778e+01   1.0000000e+00
   2.8284932e+02  -6.3750755e+01   1.0000000e+00
   2.8300000e+02  -6.3728926e+01   1.0000000e+00
   2.8333334e+02  -6.3674309e+01   1.0000000e+00
   2.8366584e+02  -6.3602947e+01   1.0000000e+00
   2.8366666e+02  -6.3602745e+01   1.0000000e+00
   2.8400000e+02  -6.3501708e+01   1.0000000e+00
   2.8412183e+02  -6.3454365e+01   1.0000000e+00
   2.8433334e+02  -6.3375308e+01   1.0000000e+00
   2.8450124e+02  -6.3305004e+01   1.0000000e+00
   2.8466666e+02  -6.3245966e+01   1.0000000e+00
   2.8490782e+02  -6.3154869e+01   1.0000000e+00
   2.8500000e+02  -6.3122353e+01   1.0000000e+00
   2.8533163e+02  -6.3003952e+01   1.0000000e+00
   2.8533334e+02  -6.3003477e+01   1.0000000e+00
   2.8566666e+02  -6.2924303e+01   1.0000000e+00
   2.8600000e+02  -6.2865895e+01   1.0000000e+00
   2.8609108e+02  -6.2852249e+01   1.0000000e+00
   2.8633334e+02  -6.2819298e+01   1.0000000e+00
   2.8666666e+02  -6.2768636e+01   1.0000000e+00
   2.8700000e+02  -6.2706836e+01   1.0000000e+00
   2.8703804e+02  -6.2699757e+01   1.0000000e+00
   2.8733334e+02  -6.2650943e+01   1.0000000e+00
   2.8766666e+02  -6.2605780e+01   1.0000000e+00
   2.8800000e+02  -6.2555960e+01   1.0000000e+00
   2.8804978e+02  -6.2546478e+01   1.0000000e+00
   2.8833334e+02  -6.2494297e+01   1.0000000e+00
   2.8866666e+02  -6.2416556e+01   1.0000000e+00
   2.8875709e+02  -6.2392406e+01   1.0000000e+00
   2.8900000e+02  -6.2336397e+01   1.0000000e+00
   2.8933334e+02  -6.2257868e+01   1.0000000e+00
   2.8942174e+02  -6.2237534e+01   1.0000000e+00
   2.8966666e+02  -6.2182075e+01   1.0000000e+00
   2.9000000e+02  -6.2111332e+01   1.0000000e+00
   2.9016399e+02  -6.2081867e+01   1.0000000e+00
   2.9033334e+02  -6.2046930e+01   1.0000000e+00
   2.9066666e+02  -6.1987703e+01   1.0000000e+00
   2.9100000e+02  -6.1935795e+01   1.0000000e+00
   2.9107338e+02  -6.1925392e+01   1.0000000e+00
   2.9133334e+02  -6.1882292e+01   1.0000000e+00
   2.9166666e+02  -6.1802304e+01   1.0000000e+00
   2.9175909e+02  -6.1768116e+01   1.0000000e+00
   2.9200000e+02  -6.1655787e+01   1.0000000e+00
   2.9208017e+02  -6.1610031e+01   1.0000000e+00
   2.9233334e+02  -6.1462198e+01   1.0000000e+00
   2.9235245e+02  -6.1451138e+01   1.0000000e+00
   2.9260730e+02  -6.1291428e+01   1.0000000e+00
   2.9266666e+02  -6.1250487e+01   1.0000000e+00
   2.9283268e+02  -6.1130898e+01   1.0000000e+00
   2.9300000e+02  -6.1006284e+01   1.0000000e+00
   2.9305037e+02  -6.0969551e+01   1.0000000e+00
   2.9329202e+02  -6.0807381e+01   1.0000000e+00
   2.9333334e+02  -6.0780911e+01   1.0000000e+00
   2.9354222e+02  -6.0644386e+01   1.0000000e+00
   2.9366666e+02  -6.0567450e+01   1.0000000e+00
   2.9380085e+02  -6.0480560e+01   1.0000000e+00
   2.9400000e+02  -6.0374962e+01   1.0000000e+00
   2.9411753e+02  -6.0315907e+01   1.0000000e+00
   2.9433334e+02  -6.0207715e+01   1.0000000e+00
   2.9446129e+02  -6.0150417e+01   1.0000000e+00
   2.9466666e+02  -6.0057958e+01   1.0000000e+00
   2.9484336e+02  -5.9984089e+01   1.0000000e+00
   2.9500000e+02  -5.9929122e+01   1.0000000e+00
   2.9533334e+02  -5.9825026e+01   1.0000000e+00
   2.9536183e+02  -5.9816921e+01   1.0000000e+00
   2.9566666e+02  -5.9732274e+01   1.0000000e+00
   2.9600000e+02  -5.9658635e+01   1.0000000e+00
   2.9606379e+02  -5.9648911e+01   1.0000000e+00
   2.9633334e+02  -5.9607003e+01   1.0000000e+00
   2.9666666e+02  -5.9550283e+01   1.0000000e+00
   2.9700000e+02  -5.9481484e+01   1.0000000e+00
   2.9700668e+02  -5.9480057e+01   1.0000000e+00
   2.9733334e+02  -5.9420192e+01   1.0000000e+00
   2.9766666e+02  -5.9347927e+01   1.0000000e+00
   2.9781588e+02  -5.9310352e+01   1.0000000e+00
   2.9800000e+02  -5.9259153e+01   1.0000000e+00
   2.9833334e+02  -5.9159908e+01   1.0000000e+00
   2.9841053e+02  -5.9139797e+01   1.0000000e+00
   2.9866666e+02  -5.9073393e+01   1.0000000e+00
   2.9900000e+02  -5.8998020e+01   1.0000000e+00
   2.9910711e+02  -5.8968388e+01   1.0000000e+00
   2.9933334e+02  -5.8912784e+01   1.0000000e+00
   2.9966666e+02  -5.8802018e+01   1.0000000e+00
   2.9968089e+02  -5.8796120e+01   1.0000000e+00
   3.0000000e+02  -5.8661624e+01   1.0000000e+00
   3.0008239e+02  -5.8622997e+01   1.0000000e+00
   3.0033334e+02  -5.8515100e+01   1.0000000e+00
   3.0049341e+02  -5.8449009e+01   1.0000000e+00
   3.0066666e+02  -5.8395400e+01   1.0000000e+00
   3.0100000e+02  -5.8321086e+01   1.0000000e+00
   3.0131035e+02  -5.8274158e+01   1.0000000e+00
   3.0133334e+02  -5.8270674e+01   1.0000000e+00
   3.0166666e+02  -5.8220487e+01   1.0000000e+00
   3.0200000e+02  -5.8162978e+01   1.0000000e+00
   3.0233334e+02  -5.8102629e+01   1.0000000e+00
   3.0235660e+02  -5.8098438e+01   1.0000000e+00
   3.0266666e+02  -5.8050416e+01   1.0000000e+00
   3.0300000e+02  -5.8002945e+01   1.0000000e+00
   3.0333334e+02  -5.7962236e+01   1.0000000e+00
   3.0366666e+02  -5.7926577e+01   1.0000000e+00
   3.0370861e+02  -5.7921848e+01   1.0000000e+00
   3.0400000e+02  -5.7892467e+01   1.0000000e+00
   3.0433334e+02  -5.7858435e+01   1.0000000e+00
   3.0466666e+02  -5.7823700e+01   1.0000000e+00
   3.0500000e+02  -5.7800388e+01   1.0000000e+00
   3.0533334e+02  -5.7802430e+01   1.0000000e+00
   3.0566666e+02  -5.7813337e+01   1.0000000e+00
   3.0600000e+02  -5.7819617e+01   1.0000000e+00
   3.0633334e+02  -5.7811087e+01   1.0000000e+00
   3.0666666e+02  -5.7778114e+01   1.0000000e+00
   3.0687593e+02  -5.7744385e+01   1.0000000e+00
   3.0700000e+02  -5.7720724e+01   1.0000000e+00
   3.0733334e+02  -5.7651120e+01   1.0000000e+00
   3.0766666e+02  -5.7583864e+01   1.0000000e+00
   3.0774469e+02  -5.7566048e+01   1.0000000e+00
   3.0800000e+02  -5.7493485e+01   1.0000000e+00
   3.0831552e+02  -5.7386833e+01   1.0000000e+00
   3.0833334e+02  -5.7379221e+01   1.0000000e+00
   3.0866666e+02  -5.7251280e+01   1.0000000e+00
   3.0880343e+02  -5.7206738e+01   1.0000000e+00
   3.0900000e+02  -5.7134241e+01   1.0000000e+00
   3.0933334e+02  -5.7048906e+01   1.0000000e+00
   3.0948737e+02  -5.7025761e+01   1.0000000e+00
   3.0966666e+02  -5.7005122e+01   1.0000000e+00
   3.1000000e+02  -5.6974216e+01   1.0000000e+00
   3.1033334e+02  -5.6928780e+01   1.0000000e+00
   3.1066298e+02  -5.6843895e+01   1.0000000e+00
   3.1066666e+02  -5.6842928e+01   1.0000000e+00
   3.1100000e+02  -5.6702453e+01   1.0000000e+00
   3.1108976e+02  -5.6661144e+01   1.0000000e+00
   3.1133334e+02  -5.6571731e+01   1.0000000e+00
   3.1166666e+02  -5.6477838e+01   1.0000000e+00
   3.1166799e+02  -5.6477505e+01   1.0000000e+00
   3.1200000e+02  -5.6388999e+01   1.0000000e+00
   3.1231132e+02  -5.6292969e+01   1.0000000e+00
   3.1233334e+02  -5.6285673e+01   1.0000000e+00
   3.1266666e+02  -5.6189485e+01   1.0000000e+00
   3.1298044e+02  -5.6107536e+01   1.0000000e+00
   3.1300000e+02  -5.6101935e+01   1.0000000e+00
   3.1333334e+02  -5.6003227e+01   1.0000000e+00
   3.1354535e+02  -5.5921211e+01   1.0000000e+00
   3.1366666e+02  -5.5867281e+01   1.0000000e+00
   3.1393487e+02  -5.5733982e+01   1.0000000e+00
   3.1400000e+02  -5.5700379e+01   1.0000000e+00
   3.1433334e+02  -5.5551329e+01   1.0000000e+00
   3.1434862e+02  -5.5545853e+01   1.0000000e+00
   3.1466666e+02  -5.5390794e+01   1.0000000e+00
   3.1476034e+02  -5.5356815e+01   1.0000000e+00
   3.1500000e+02  -5.5248959e+01   1.0000000e+00
   3.1523618e+02  -5.5166874e+01   1.0000000e+00
   3.1533334e+02  -5.5131191e+01   1.0000000e+00
   3.1566666e+02  -5.5039655e+01   1.0000000e+00
   3.1592157e+02  -5.4976025e+01   1.0000000e+00
   3.1600000e+02  -5.4943495e+01   1.0000000e+00
   3.1626862e+02  -5.4784260e+01   1.0000000e+00
   3.1633334e+02  -5.4734152e+01   1.0000000e+00
   3.1648745e+02  -5.4591587e+01   1.0000000e+00
   3.1650558e+02  -5.4397995e+01   1.0000000e+00
   3.1643371e+02  -5.4203484e+01   1.0000000e+00
   3.1645742e+02  -5.4008053e+01   1.0000000e+00
   3.1657379e+02  -5.3811703e+01   1.0000000e+00
   3.1635568e+02  -5.3614426e+01   1.0000000e+00
   3.1633334e+02  -5.3601141e+01   1.0000000e+00
   3.1631100e+02  -5.3614426e+01   1.0000000e+00
   3.1600000e+02  -5.3792997e+01   1.0000000e+00
   3.1571915e+02  -5.3614426e+01   1.0000000e+00
   3.1572556e+02  -5.3416225e+01   1.0000000e+00
   3.1573207e+02  -5.3217094e+01   1.0000000e+00
   3.1600000e+02  -5.3053280e+01   1.0000000e+00
   3.1633334e+02  -5.3043952e+01   1.0000000e+00
   3.1637819e+02  -5.3017033e+01   1.0000000e+00
   3.1666666e+02  -5.2835389e+01   1.0000000e+00
   3.1700000e+02  -5.2818590e+01   1.0000000e+00
   3.1704536e+02  -5.2816040e+01   1.0000000e+00
   3.1709663e+02  -5.2614117e+01   1.0000000e+00
   3.1715872e+02  -5.2411255e+01   1.0000000e+00
   3.1721683e+02  -5.2207455e+01   1.0000000e+00
   3.1723832e+02  -5.2002716e+01   1.0000000e+00
   3.1733334e+02  -5.1834942e+01   1.0000000e+00
   3.1735573e+02  -5.1797039e+01   1.0000000e+00
   3.1766666e+02  -5.1785365e+01   1.0000000e+00
   3.1797079e+02  -5.1590416e+01   1.0000000e+00
   3.1800000e+02  -5.1572227e+01   1.0000000e+00
   3.1830140e+02  -5.1382851e+01   1.0000000e+00
   3.1831478e+02  -5.1174343e+01   1.0000000e+00
   3.1833191e+02  -5.0964882e+01   1.0000000e+00
   3.1833334e+02  -5.0963975e+01   1.0000000e+00
   3.1866666e+02  -5.0843671e+01   1.0000000e+00
   3.1896999e+02  -5.0754475e+01   1.0000000e+00
   3.1900000e+02  -5.0745052e+01   1.0000000e+00
   3.1933334e+02  -5.0660901e+01   1.0000000e+00
   3.1966666e+02  -5.0598755e+01   1.0000000e+00
   3.2000000e+02  -5.0554338e+01   1.0000000e+00
   3.2025613e+02  -5.0543118e+01   1.0000000e+00
   3.2033334e+02  -5.0540527e+01   1.0000000e+00
   3.2066666e+02  -5.0528553e+01   1.0000000e+00
   3.2100000e+02  -5.0517035e+01   1.0000000e+00
   3.2133334e+02  -5.0513494e+01   1.0000000e+00
   3.2166666e+02  -5.0507329e+01   1.0000000e+00
   3.2200000e+02  -5.0510131e+01   1.0000000e+00
   3.2233334e+02  -5.0541737e+01   1.0000000e+00
   3.2234137e+02  -5.0543118e+01   1.0000000e+00
   3.2266666e+02  -5.0619847e+01   1.0000000e+00
   3.2300000e+02  -5.0694509e+01   1.0000000e+00
   3.2333334e+02  -5.0736195e+01   1.0000000e+00
   3.2366666e+02  -5.0750500e+01   1.0000000e+00
   3.2380797e+02  -5.0754475e+01   1.0000000e+00
   3.2400000e+02  -5.0759948e+01   1.0000000e+00
   3.2433334e+02  -5.0777415e+01   1.0000000e+00
   3.2466666e+02  -5.0796574e+01   1.0000000e+00
   3.2500000e+02  -5.0795042e+01   1.0000000e+00
   3.2533334e+02  -5.0778575e+01   1.0000000e+00
   3.2566666e+02  -5.0779756e+01   1.0000000e+00
   3.2600000e+02  -5.0786416e+01   1.0000000e+00
   3.2633334e+02  -5.0772286e+01   1.0000000e+00
   3.2648021e+02  -5.0754475e+01   1.0000000e+00
   3.2666666e+02  -5.0727239e+01   1.0000000e+00
   3.2700000e+02  -5.0661099e+01   1.0000000e+00
   3.2733334e+02  -5.0617476e+01   1.0000000e+00
   3.2766666e+02  -5.0601834e+01   1.0000000e+00
   3.2800000e+02  -5.0598084e+01   1.0000000e+00
   3.2833334e+02  -5.0605032e+01   1.0000000e+00
   3.2866666e+02  -5.0607442e+01   1.0000000e+00
   3.2900000e+02  -5.0588240e+01   1.0000000e+00
   3.2933334e+02  -5.0556318e+01   1.0000000e+00
   3.2966666e+02  -5.0546207e+01   1.0000000e+00
   3.3000000e+02  -5.0590970e+01   1.0000000e+00
   3.3033334e+02  -5.0668292e+01   1.0000000e+00
   3.3066666e+02  -5.0751043e+01   1.0000000e+00
   3.3067827e+02  -5.0754475e+01   1.0000000e+00
   3.3100000e+02  -5.0862598e+01   1.0000000e+00
   3.3119417e+02  -5.0964882e+01   1.0000000e+00
   3.3133334e+02  -5.1042783e+01   1.0000000e+00
   3.3150758e+02  -5.1174343e+01   1.0000000e+00
   3.3166666e+02  -5.1277307e+01   1.0000000e+00
   3.3187528e+02  -5.1382851e+01   1.0000000e+00
   3.3200000e+02  -5.1434003e+01   1.0000000e+00
   3.3233334e+02  -5.1526427e+01   1.0000000e+00
   3.3259755e+02  -5.1590416e+01   1.0000000e+00
   3.3266666e+02  -5.1606957e+01   1.0000000e+00
   3.3300000e+02  -5.1690413e+01   1.0000000e+00
   3.3331169e+02  -5.1797039e+01   1.0000000e+00
   3.3333334e+02  -5.1803823e+01   1.0000000e+00
   3.3366666e+02  -5.1918790e+01   1.0000000e+00
   3.3393774e+02  -5.2002716e+01   1.0000000e+00
   3.3400000e+02  -5.2020181e+01   1.0000000e+00
   3.3433334e+02  -5.2096917e+01   1.0000000e+00
   3.3466666e+02  -5.2183407e+01   1.0000000e+00
   3.3474528e+02  -5.2207455e+01   1.0000000e+00
   3.3500000e+02  -5.2281924e+01   1.0000000e+00
   3.3533334e+02  -5.2356049e+01   1.0000000e+00
   3.3566666e+02  -5.2400017e+01   1.0000000e+00
   3.3578568e+02  -5.2411255e+01   1.0000000e+00
   3.3600000e+02  -5.2434029e+01   1.0000000e+00
   3.3633334e+02  -5.2474763e+01   1.0000000e+00
   3.3666666e+02  -5.2515427e+01   1.0000000e+00
   3.3700000e+02  -5.2535265e+01   1.0000000e+00
   3.3733334e+02  -5.2548465e+01   1.0000000e+00
   3.3766666e+02  -5.2580441e+01   1.0000000e+00
   3.3800000e+02  -5.2606125e+01   1.0000000e+00
   3.3833334e+02  -5.2595687e+01   1.0000000e+00
   3.3866666e+02  -5.2558083e+01   1.0000000e+00
   3.3900000e+02  -5.2510423e+01   1.0000000e+00
   3.3933334e+02  -5.2466816e+01   1.0000000e+00
   3.3966666e+02  -5.2442635e+01   1.0000000e+00
   3.4000000e+02  -5.2443778e+01   1.0000000e+00
   3.4033334e+02  -5.2465010e+01   1.0000000e+00
   3.4066666e+02  -5.2496090e+01   1.0000000e+00
   3.4100000e+02  -5.2508028e+01   1.0000000e+00
   3.4133334e+02  -5.2475220e+01   1.0000000e+00
   3.4162535e+02  -5.2411255e+01   1.0000000e+00
   3.4166666e+02  -5.2401033e+01   1.0000000e+00
   3.4200000e+02  -5.2328062e+01   1.0000000e+00
   3.4233334e+02  -5.2299635e+01   1.0000000e+00
   3.4266666e+02  -5.2306616e+01   1.0000000e+00
   3.4300000e+02  -5.2326699e+01   1.0000000e+00
   3.4333334e+02  -5.2343604e+01   1.0000000e+00
   3.4366666e+02  -5.2344620e+01   1.0000000e+00
   3.4400000e+02  -5.2306612e+01   1.0000000e+00
   3.4433334e+02  -5.2244490e+01   1.0000000e+00
   3.4453290e+02  -5.2207455e+01   1.0000000e+00
   3.4466666e+02  -5.2178890e+01   1.0000000e+00
   3.4500000e+02  -5.2096058e+01   1.0000000e+00
   3.4529592e+02  -5.2002716e+01   1.0000000e+00
   3.4533334e+02  -5.1991167e+01   1.0000000e+00
   3.4566666e+02  -5.1886515e+01   1.0000000e+00
   3.4598039e+02  -5.1797039e+01   1.0000000e+00
   3.4600000e+02  -5.1791062e+01   1.0000000e+00
   3.4633334e+02  -5.1706074e+01   1.0000000e+00
   3.4666666e+02  -5.1627341e+01   1.0000000e+00
   3.4679776e+02  -5.1590416e+01   1.0000000e+00
   3.4700000e+02  -5.1531013e+01   1.0000000e+00
   3.4733334e+02  -5.1396532e+01   1.0000000e+00
   3.4736258e+02  -5.1382851e+01   1.0000000e+00
   3.4766666e+02  -5.1264667e+01   1.0000000e+00
   3.4791283e+02  -5.1174343e+01   1.0000000e+00
   3.4800000e+02  -5.1146869e+01   1.0000000e+00
   3.4833334e+02  -5.1041718e+01   1.0000000e+00
   3.4855578e+02  -5.0964882e+01   1.0000000e+00
   3.4866666e+02  -5.0925389e+01   1.0000000e+00
   3.4900000e+02  -5.0791663e+01   1.0000000e+00
   3.4909517e+02  -5.0754475e+01   1.0000000e+00
   3.4933334e+02  -5.0656819e+01   1.0000000e+00
   3.4961805e+02  -5.0543118e+01   1.0000000e+00
   3.4966666e+02  -5.0523857e+01   1.0000000e+00
   3.5000000e+02  -5.0392081e+01   1.0000000e+00
   3.5017468e+02  -5.0330811e+01   1.0000000e+00
   3.5033334e+02  -5.0276816e+01   1.0000000e+00
   3.5066666e+02  -5.0174770e+01   1.0000000e+00
   3.5084844e+02  -5.0117550e+01   1.0000000e+00
   3.5100000e+02  -5.0070280e+01   1.0000000e+00
   3.5133334e+02  -4.9965347e+01   1.0000000e+00
   3.5153050e+02  -4.9903336e+01   1.0000000e+00
   3.5166666e+02  -4.9861175e+01   1.0000000e+00
   3.5200000e+02  -4.9759991e+01   1.0000000e+00
   3.5226257e+02  -4.9688164e+01   1.0000000e+00
   3.5233334e+02  -4.9668573e+01   1.0000000e+00
   3.5266666e+02  -4.9582750e+01   1.0000000e+00
   3.5300000e+02  -4.9514973e+01   1.0000000e+00
   3.5326965e+02  -4.9472034e+01   1.0000000e+00
   3.5333334e+02  -4.9462700e+01   1.0000000e+00
   3.5366666e+02  -4.9411250e+01   1.0000000e+00
   3.5400000e+02  -4.9367428e+01   1.0000000e+00
   3.5433334e+02  -4.9351700e+01   1.0000000e+00
   3.5466666e+02  -4.9353483e+01   1.0000000e+00
   3.5500000e+02  -4.9369219e+01   1.0000000e+00
   3.5533334e+02  -4.9416709e+01   1.0000000e+00
   3.5566666e+02  -4.9472032e+01   1.0000000e+00
   3.5566667e+02  -4.9472034e+01   1.0000000e+00
   3.5600000e+02  -4.9534803e+01   1.0000000e+00
   3.5633334e+02  -4.9594837e+01   1.0000000e+00
   3.5666666e+02  -4.9656005e+01   1.0000000e+00
   3.5681918e+02  -4.9688164e+01   1.0000000e+00
   3.5700000e+02  -4.9733220e+01   1.0000000e+00
   3.5733334e+02  -4.9829218e+01   1.0000000e+00
   3.5758474e+02  -4.9903336e+01   1.0000000e+00
   3.5766666e+02  -4.9926629e+01   1.0000000e+00
   3.5800000e+02  -5.0028075e+01   1.0000000e+00
   3.5826404e+02  -5.0117550e+01   1.0000000e+00
   3.5833334e+02  -5.0140854e+01   1.0000000e+00
   3.5866666e+02  -5.0257590e+01   1.0000000e+00
   3.5885363e+02  -5.0330811e+01   1.0000000e+00
   3.5900000e+02  -5.0383061e+01   1.0000000e+00
   3.5933334e+02  -5.0470321e+01   1.0000000e+00
   3.5952370e+02  -5.0543118e+01   1.0000000e+00
   3.5966666e+02  -5.0592676e+01   1.0000000e+00
   3.6000000e+02  -5.0733113e+01   1.0000000e+00
   7.7000000e+01  -5.4743129e+01   2.0000000e+00
   7.7071159e+01  -5.4784260e+01   2.0000000e+00
   7.7000000e+01  -5.4825197e+01   2.0000000e+00
   7.6928841e+01  -5.4784260e+01   2.0000000e+00
   7.7000000e+01  -5.4743129e+01   2.0000000e+00
