   0.0000000e+00  -4.5438446e+01   1.0000000e+00
   3.3333334e-01  -4.5462988e+01   1.0000000e+00
   6.6666669e-01  -4.5485501e+01   1.0000000e+00
   1.0000000e+00  -4.5507958e+01   1.0000000e+00
   1.3333334e+00  -4.5530263e+01   1.0000000e+00
   1.6666666e+00  -4.5555337e+01   1.0000000e+00
   2.0000000e+00  -4.5588264e+01   1.0000000e+00
   2.3333333e+00  -4.5633822e+01   1.0000000e+00
   2.4158863e+00  -4.5650570e+01   1.0000000e+00
   2.6666667e+00  -4.5705913e+01   1.0000000e+00
   3.0000000e+00  -4.5785241e+01   1.0000000e+00
   3.3333333e+00  -4.5848761e+01   1.0000000e+00
   3.5768389e+00  -4.5883095e+01   1.0000000e+00
   3.6666667e+00  -4.5898518e+01   1.0000000e+00
   4.0000000e+00  -4.5913811e+01   1.0000000e+00
   4.3333335e+00  -4.5895873e+01   1.0000000e+00
   4.4868740e+00  -4.5883095e+01   1.0000000e+00
   4.6666665e+00  -4.5869531e+01   1.0000000e+00
   5.0000000e+00  -4.5840254e+01   1.0000000e+00
   5.3333335e+00  -4.5815458e+01   1.0000000e+00
   5.6666665e+00  -4.5803723e+01   1.0000000e+00
   6.0000000e+00  -4.5810580e+01   1.0000000e+00
   6.3333335e+00  -4.5836317e+01   1.0000000e+00
   6.6666665e+00  -4.5870372e+01   1.0000000e+00
   6.8249271e+00  -4.5883095e+01   1.0000000e+00
   7.0000000e+00  -4.5897101e+01   1.0000000e+00
   7.3333335e+00  -4.5911151e+01   1.0000000e+00
   7.6666665e+00  -4.5900006e+01   1.0000000e+00
   7.8447516e+00  -4.5883095e+01   1.0000000e+00
   8.0000000e+00  -4.5869009e+01   1.0000000e+00
   8.3333330e+00  -4.5841466e+01   1.0000000e+00
   8.6666670e+00  -4.5832186e+01   1.0000000e+00
   9.0000000e+00  -4.5839780e+01   1.0000000e+00
   9.3333330e+00  -4.5870276e+01   1.0000000e+00
   9.4043815e+00  -4.5883095e+01   1.0000000e+00
   9.6666670e+00  -4.5935705e+01   1.0000000e+00
   1.0000000e+01  -4.6027808e+01   1.0000000e+00
   1.0255060e+01  -4.6114651e+01   1.0000000e+00
   1.0333333e+01  -4.6142815e+01   1.0000000e+00
   1.0666667e+01  -4.6254136e+01   1.0000000e+00
   1.1000000e+01  -4.6342569e+01   1.0000000e+00
   1.1011597e+01  -4.6345242e+01   1.0000000e+00
   1.1333333e+01  -4.6426981e+01   1.0000000e+00
   1.1666667e+01  -4.6507225e+01   1.0000000e+00
   1.2000000e+01  -4.6569444e+01   1.0000000e+00
   1.2052021e+01  -4.6574860e+01   1.0000000e+00
   1.2333333e+01  -4.6602552e+01   1.0000000e+00
   1.2666667e+01  -4.6592826e+01   1.0000000e+00
   1.2802126e+01  -4.6574860e+01   1.0000000e+00
   1.3000000e+01  -4.6545781e+01   1.0000000e+00
   1.3333333e+01  -4.6488762e+01   1.0000000e+00
   1.3666667e+01  -4.6433180e+01   1.0000000e+00
   1.4000000e+01  -4.6376956e+01   1.0000000e+00
   1.4294399e+01  -4.6345242e+01   1.0000000e+00
   1.4333333e+01  -4.6340737e+01   1.0000000e+00
   1.4666667e+01  -4.6333928e+01   1.0000000e+00
   1.4866590e+01  -4.6345242e+01   1.0000000e+00
   1.5000000e+01  -4.6353154e+01   1.0000000e+00
   1.5333333e+01  -4.6362399e+01   1.0000000e+00
   1.5666667e+01  -4.6346545e+01   1.0000000e+00
   1.5683526e+01  -4.6345242e+01   1.0000000e+00
   1.6000000e+01  -4.6317856e+01   1.0000000e+00
   1.6333334e+01  -4.6296296e+01   1.0000000e+00
   1.6666666e+01  -4.6278127e+01   1.0000000e+00
   1.7000000e+01  -4.6247002e+01   1.0000000e+00
   1.7333334e+01  -4.6205433e+01   1.0000000e+00
   1.7666666e+01  -4.6151867e+01   1.0000000e+00
   1.7831627e+01  -4.6114651e+01   1.0000000e+00
   1.8000000e+01  -4.6068293e+01   1.0000000e+00
   1.8333334e+01  -4.5970097e+01   1.0000000e+00
   1.8596581e+01  -4.5883095e+01   1.0000000e+00
   1.8666666e+01  -4.5852639e+01   1.0000000e+00
   1.9000000e+01  -4.5710806e+01   1.0000000e+00
   1.9278008e+01  -4.5650570e+01   1.0000000e+00
   1.9333334e+01  -4.5640636e+01   1.0000000e+00
   1.9666666e+01  -4.5636652e+01   1.0000000e+00
   1.9878367e+01  -4.5650570e+01   1.0000000e+00
   2.0000000e+01  -4.5658249e+01   1.0000000e+00
   2.0333334e+01  -4.5681312e+01   1.0000000e+00
   2.0666666e+01  -4.5691428e+01   1.0000000e+00
   2.1000000e+01  -4.5697901e+01   1.0000000e+00
   2.1333334e+01  -4.5716116e+01   1.0000000e+00
   2.1666666e+01  -4.5747054e+01   1.0000000e+00
   2.2000000e+01  -4.5791597e+01   1.0000000e+00
   2.2333334e+01  -4.5826972e+01   1.0000000e+00
   2.2666666e+01  -4.5859762e+01   1.0000000e+00
   2.2878110e+01  -4.5883095e+01   1.0000000e+00
   2.3000000e+01  -4.5899692e+01   1.0000000e+00
   2.3333334e+01  -4.5941620e+01   1.0000000e+00
   2.3666666e+01  -4.5986648e+01   1.0000000e+00
   2.4000000e+01  -4.6005732e+01   1.0000000e+00
   2.4333334e+01  -4.5976520e+01   1.0000000e+00
   2.4666666e+01  -4.5923922e+01   1.0000000e+00
   2.4839167e+01  -4.5883095e+01   1.0000000e+00
   2.5000000e+01  -4.5847001e+01   1.0000000e+00
   2.5333334e+01  -4.5772076e+01   1.0000000e+00
   2.5666666e+01  -4.5697679e+01   1.0000000e+00
   2.6000000e+01  -4.5661107e+01   1.0000000e+00
   2.6333334e+01  -4.5692534e+01   1.0000000e+00
   2.6666666e+01  -4.5751516e+01   1.0000000e+00
   2.7000000e+01  -4.5817214e+01   1.0000000e+00
   2.7218703e+01  -4.5883095e+01   1.0000000e+00
   2.7333334e+01  -4.5923961e+01   1.0000000e+00
   2.7666666e+01  -4.6080296e+01   1.0000000e+00
   2.7711984e+01  -4.6114651e+01   1.0000000e+00
   2.7972849e+01  -4.6345242e+01   1.0000000e+00
   2.8000000e+01  -4.6371500e+01   1.0000000e+00
   2.8139080e+01  -4.6574860e+01   1.0000000e+00
   2.8258955e+01  -4.6803513e+01   1.0000000e+00
   2.8333334e+01  -4.6975500e+01   1.0000000e+00
   2.8367887e+01  -4.7031197e+01   1.0000000e+00
   2.8666666e+01  -4.7253192e+01   1.0000000e+00
   2.8681010e+01  -4.7257912e+01   1.0000000e+00
   2.9000000e+01  -4.7343048e+01   1.0000000e+00
   2.9333334e+01  -4.7382516e+01   1.0000000e+00
   2.9666666e+01  -4.7440789e+01   1.0000000e+00
   2.9797147e+01  -4.7483662e+01   1.0000000e+00
   3.0000000e+01  -4.7550574e+01   1.0000000e+00
   3.0333334e+01  -4.7657544e+01   1.0000000e+00
   3.0651679e+01  -4.7708447e+01   1.0000000e+00
   3.0666666e+01  -4.7710372e+01   1.0000000e+00
   3.1000000e+01  -4.7714286e+01   1.0000000e+00
   3.1038143e+01  -4.7708447e+01   1.0000000e+00
   3.1333334e+01  -4.7663111e+01   1.0000000e+00
   3.1666666e+01  -4.7571295e+01   1.0000000e+00
   3.1906034e+01  -4.7483662e+01   1.0000000e+00
   3.2000000e+01  -4.7442671e+01   1.0000000e+00
   3.2333332e+01  -4.7306963e+01   1.0000000e+00
   3.2487048e+01  -4.7257912e+01   1.0000000e+00
   3.2666668e+01  -4.7203178e+01   1.0000000e+00
   3.3000000e+01  -4.7092542e+01   1.0000000e+00
   3.3177615e+01  -4.7031197e+01   1.0000000e+00
   3.3333332e+01  -4.6959410e+01   1.0000000e+00
   3.3666668e+01  -4.6853288e+01   1.0000000e+00
   3.4000000e+01  -4.6808622e+01   1.0000000e+00
   3.4333332e+01  -4.6818410e+01   1.0000000e+00
   3.4666668e+01  -4.6838393e+01   1.0000000e+00
   3.5000000e+01  -4.6869715e+01   1.0000000e+00
   3.5333332e+01  -4.6895210e+01   1.0000000e+00
   3.5666668e+01  -4.6890727e+01   1.0000000e+00
   3.6000000e+01  -4.6848818e+01   1.0000000e+00
   3.6289330e+01  -4.6803513e+01   1.0000000e+00
   3.6333332e+01  -4.6795464e+01   1.0000000e+00
   3.6666668e+01  -4.6761468e+01   1.0000000e+00
   3.7000000e+01  -4.6715480e+01   1.0000000e+00
   3.7333332e+01  -4.6633160e+01   1.0000000e+00
   3.7362090e+01  -4.6574860e+01   1.0000000e+00
   3.7333332e+01  -4.6555049e+01   1.0000000e+00
   3.7108051e+01  -4.6345242e+01   1.0000000e+00
   3.7138316e+01  -4.6114651e+01   1.0000000e+00
   3.7333332e+01  -4.5984617e+01   1.0000000e+00
   3.7565272e+01  -4.6114651e+01   1.0000000e+00
   3.7666668e+01  -4.6184793e+01   1.0000000e+00
   3.7975253e+01  -4.6345242e+01   1.0000000e+00
   3.8000000e+01  -4.6362289e+01   1.0000000e+00
   3.8024747e+01  -4.6345242e+01   1.0000000e+00
   3.8333332e+01  -4.6144190e+01   1.0000000e+00
   3.8666668e+01  -4.6128634e+01   1.0000000e+00
   3.9000000e+01  -4.6121358e+01   1.0000000e+00
   3.9029526e+01  -4.6114651e+01   1.0000000e+00
   3.9333332e+01  -4.6034744e+01   1.0000000e+00
   3.9666668e+01  -4.5899588e+01   1.0000000e+00
   3.9708713e+01  -4.5883095e+01   1.0000000e+00
   4.0000000e+01  -4.5718817e+01   1.0000000e+00
   4.0005103e+01  -4.5650570e+01   1.0000000e+00
   4.0000000e+01  -4.5646996e+01   1.0000000e+00
   3.9666668e+01  -4.5635703e+01   1.0000000e+00
   3.9386314e+01  -4.5417072e+01   1.0000000e+00
   3.9333332e+01  -4.5379806e+01   1.0000000e+00
   3.9076027e+01  -4.5182610e+01   1.0000000e+00
   3.9333332e+01  -4.5003739e+01   1.0000000e+00
   3.9666668e+01  -4.4998323e+01   1.0000000e+00
   3.9956407e+01  -4.5182610e+01   1.0000000e+00
   4.0000000e+01  -4.5213272e+01   1.0000000e+00
   4.0333332e+01  -4.5204286e+01   1.0000000e+00
   4.0666668e+01  -4.5198004e+01   1.0000000e+00
   4.1000000e+01  -4.5192276e+01   1.0000000e+00
   4.1333332e+01  -4.5185912e+01   1.0000000e+00
   4.1338027e+01  -4.5182610e+01   1.0000000e+00
   4.1666668e+01  -4.4947195e+01   1.0000000e+00
   4.1666698e+01  -4.4947174e+01   1.0000000e+00
   4.1740021e+01  -4.4710770e+01   1.0000000e+00
   4.1879762e+01  -4.4473396e+01   1.0000000e+00
   4.2000000e+01  -4.4385245e+01   1.0000000e+00
   4.2224541e+01  -4.4235054e+01   1.0000000e+00
   4.2333332e+01  -4.4172219e+01   1.0000000e+00
   4.2666668e+01  -4.4032474e+01   1.0000000e+00
   4.2782701e+01  -4.3995739e+01   1.0000000e+00
   4.3000000e+01  -4.3965660e+01   1.0000000e+00
   4.3333332e+01  -4.3935623e+01   1.0000000e+00
   4.3666668e+01  -4.3916149e+01   1.0000000e+00
   4.4000000e+01  -4.3903885e+01   1.0000000e+00
   4.4333332e+01  -4.3872840e+01   1.0000000e+00
   4.4666668e+01  -4.3842036e+01   1.0000000e+00
   4.5000000e+01  -4.3821292e+01   1.0000000e+00
   4.5333332e+01  -4.3755779e+01   1.0000000e+00
   4.5334475e+01  -4.3755459e+01   1.0000000e+00
   4.5666668e+01  -4.3666157e+01   1.0000000e+00
   4.6000000e+01  -4.3554440e+01   1.0000000e+00
   4.6109757e+01  -4.3514206e+01   1.0000000e+00
   4.6333332e+01  -4.3459698e+01   1.0000000e+00
   4.6666668e+01  -4.3386213e+01   1.0000000e+00
   4.7000000e+01  -4.3314274e+01   1.0000000e+00
   4.7142713e+01  -4.3271988e+01   1.0000000e+00
   4.7333332e+01  -4.3218629e+01   1.0000000e+00
   4.7666668e+01  -4.3116665e+01   1.0000000e+00
   4.7949521e+01  -4.3028801e+01   1.0000000e+00
   4.8000000e+01  -4.3016321e+01   1.0000000e+00
   4.8333332e+01  -4.2940661e+01   1.0000000e+00
   4.8666668e+01  -4.2875842e+01   1.0000000e+00
   4.9000000e+01  -4.2818631e+01   1.0000000e+00
   4.9333332e+01  -4.2793486e+01   1.0000000e+00
   4.9666668e+01  -4.2784666e+01   1.0000000e+00
   5.0000000e+01  -4.2796134e+01   1.0000000e+00
   5.0333332e+01  -4.2857612e+01   1.0000000e+00
   5.0666668e+01  -4.2941898e+01   1.0000000e+00
   5.0947805e+01  -4.3028801e+01   1.0000000e+00
   5.1000000e+01  -4.3048309e+01   1.0000000e+00
   5.1333332e+01  -4.3207456e+01   1.0000000e+00
   5.1467715e+01  -4.3271988e+01   1.0000000e+00
   5.1666668e+01  -4.3362055e+01   1.0000000e+00
   5.2000000e+01  -4.3503477e+01   1.0000000e+00
   5.2023730e+01  -4.3514206e+01   1.0000000e+00
   5.2333332e+01  -4.3681600e+01   1.0000000e+00
   5.2475621e+01  -4.3755459e+01   1.0000000e+00
   5.2666668e+01  -4.3845518e+01   1.0000000e+00
   5.2985566e+01  -4.3995739e+01   1.0000000e+00
   5.3000000e+01  -4.4004291e+01   1.0000000e+00
   5.3333332e+01  -4.4206123e+01   1.0000000e+00
   5.3386899e+01  -4.4235054e+01   1.0000000e+00
   5.3666668e+01  -4.4379520e+01   1.0000000e+00
   5.3868637e+01  -4.4473396e+01   1.0000000e+00
   5.4000000e+01  -4.4548023e+01   1.0000000e+00
   5.4311682e+01  -4.4710770e+01   1.0000000e+00
   5.4333332e+01  -4.4721611e+01   1.0000000e+00
   5.4666668e+01  -4.4878009e+01   1.0000000e+00
   5.4822704e+01  -4.4947174e+01   1.0000000e+00
   5.5000000e+01  -4.5034263e+01   1.0000000e+00
   5.5306198e+01  -4.5182610e+01   1.0000000e+00
   5.5333332e+01  -4.5196008e+01   1.0000000e+00
   5.5666668e+01  -4.5362043e+01   1.0000000e+00
   5.5786434e+01  -4.5417072e+01   1.0000000e+00
   5.6000000e+01  -4.5523571e+01   1.0000000e+00
   5.6279939e+01  -4.5650570e+01   1.0000000e+00
   5.6333332e+01  -4.5674712e+01   1.0000000e+00
   5.6666668e+01  -4.5803611e+01   1.0000000e+00
   5.6898435e+01  -4.5883095e+01   1.0000000e+00
   5.7000000e+01  -4.5921210e+01   1.0000000e+00
   5.7333332e+01  -4.6056267e+01   1.0000000e+00
   5.7502961e+01  -4.6114651e+01   1.0000000e+00
   5.7666668e+01  -4.6175591e+01   1.0000000e+00
   5.8000000e+01  -4.6284218e+01   1.0000000e+00
   5.8211521e+01  -4.6345242e+01   1.0000000e+00
   5.8333332e+01  -4.6383487e+01   1.0000000e+00
   5.8666668e+01  -4.6470853e+01   1.0000000e+00
   5.9000000e+01  -4.6523718e+01   1.0000000e+00
   5.9333332e+01  -4.6541222e+01   1.0000000e+00
   5.9666668e+01  -4.6541598e+01   1.0000000e+00
   6.0000000e+01  -4.6530098e+01   1.0000000e+00
   6.0333332e+01  -4.6503234e+01   1.0000000e+00
   6.0666668e+01  -4.6468678e+01   1.0000000e+00
   6.1000000e+01  -4.6431801e+01   1.0000000e+00
   6.1333332e+01  -4.6393300e+01   1.0000000e+00
   6.1666668e+01  -4.6355889e+01   1.0000000e+00
   6.1741577e+01  -4.6345242e+01   1.0000000e+00
   6.2000000e+01  -4.6307284e+01   1.0000000e+00
   6.2333332e+01  -4.6235444e+01   1.0000000e+00
   6.2666668e+01  -4.6151082e+01   1.0000000e+00
   6.2796894e+01  -4.6114651e+01   1.0000000e+00
   6.3000000e+01  -4.6056686e+01   1.0000000e+00
   6.3333332e+01  -4.5938467e+01   1.0000000e+00
   6.3460458e+01  -4.5883095e+01   1.0000000e+00
   6.3666668e+01  -4.5788307e+01   1.0000000e+00
   6.3917288e+01  -4.5650570e+01   1.0000000e+00
   6.4000000e+01  -4.5605059e+01   1.0000000e+00
   6.4333336e+01  -4.5439220e+01   1.0000000e+00
   6.4384600e+01  -4.5417072e+01   1.0000000e+00
   6.4666664e+01  -4.5306620e+01   1.0000000e+00
   6.4992435e+01  -4.5182610e+01   1.0000000e+00
   6.5000000e+01  -4.5179530e+01   1.0000000e+00
   6.5333336e+01  -4.5065993e+01   1.0000000e+00
   6.5666664e+01  -4.4966443e+01   1.0000000e+00
   6.5735809e+01  -4.4947174e+01   1.0000000e+00
   6.6000000e+01  -4.4870720e+01   1.0000000e+00
   6.6333336e+01  -4.4799301e+01   1.0000000e+00
   6.6666664e+01  -4.4756593e+01   1.0000000e+00
   6.7000000e+01  -4.4752618e+01   1.0000000e+00
   6.7333336e+01  -4.4797969e+01   1.0000000e+00
   6.7666664e+01  -4.4857022e+01   1.0000000e+00
   6.8000000e+01  -4.4917487e+01   1.0000000e+00
   6.8118711e+01  -4.4947174e+01   1.0000000e+00
   6.8333336e+01  -4.5005118e+01   1.0000000e+00
   6.8666664e+01  -4.5108990e+01   1.0000000e+00
   6.8891776e+01  -4.5182610e+01   1.0000000e+00
   6.9000000e+01  -4.5213815e+01   1.0000000e+00
   6.9333336e+01  -4.5312783e+01   1.0000000e+00
   6.9666664e+01  -4.5395296e+01   1.0000000e+00
   6.9765064e+01  -4.5417072e+01   1.0000000e+00
   7.0000000e+01  -4.5464217e+01   1.0000000e+00
   7.0333336e+01  -4.5533989e+01   1.0000000e+00
   7.0666664e+01  -4.5607092e+01   1.0000000e+00
   7.0869893e+01  -4.5650570e+01   1.0000000e+00
   7.1000000e+01  -4.5678984e+01   1.0000000e+00
   7.1333336e+01  -4.5740982e+01   1.0000000e+00
   7.1666664e+01  -4.5798000e+01   1.0000000e+00
   7.2000000e+01  -4.5850401e+01   1.0000000e+00
   7.2243685e+01  -4.5883095e+01   1.0000000e+00
   7.2333336e+01  -4.5895360e+01   1.0000000e+00
   7.2666664e+01  -4.5940484e+01   1.0000000e+00
   7.3000000e+01  -4.5985156e+01   1.0000000e+00
   7.3333336e+01  -4.6030779e+01   1.0000000e+00
   7.3666664e+01  -4.6075669e+01   1.0000000e+00
   7.3987389e+01  -4.6114651e+01   1.0000000e+00
   7.4000000e+01  -4.6116238e+01   1.0000000e+00
   7.4333336e+01  -4.6150317e+01   1.0000000e+00
   7.4666664e+01  -4.6178290e+01   1.0000000e+00
   7.5000000e+01  -4.6199882e+01   1.0000000e+00
   7.5333336e+01  -4.6213829e+01   1.0000000e+00
   7.5666664e+01  -4.6224097e+01   1.0000000e+00
   7.6000000e+01  -4.6232550e+01   1.0000000e+00
   7.6333336e+01  -4.6233937e+01   1.0000000e+00
   7.6666664e+01  -4.6232801e+01   1.0000000e+00
   7.7000000e+01  -4.6229466e+01   1.0000000e+00
   7.7333336e+01  -4.6230159e+01   1.0000000e+00
   7.7666664e+01  -4.6243305e+01   1.0000000e+00
   7.8000000e+01  -4.6270632e+01   1.0000000e+00
   7.8333336e+01  -4.6303415e+01   1.0000000e+00
   7.8666664e+01  -4.6330629e+01   1.0000000e+00
   7.8887675e+01  -4.6345242e+01   1.0000000e+00
   7.9000000e+01  -4.6352513e+01   1.0000000e+00
   7.9333336e+01  -4.6379274e+01   1.0000000e+00
   7.9666664e+01  -4.6410546e+01   1.0000000e+00
   8.0000000e+01  -4.6439389e+01   1.0000000e+00
   8.0333336e+01  -4.6474753e+01   1.0000000e+00
   8.0666664e+01  -4.6513990e+01   1.0000000e+00
   8.1000000e+01  -4.6541129e+01   1.0000000e+00
   8.1333336e+01  -4.6547355e+01   1.0000000e+00
   8.1666664e+01  -4.6555262e+01   1.0000000e+00
   8.1834371e+01  -4.6574860e+01   1.0000000e+00
   8.2000000e+01  -4.6597425e+01   1.0000000e+00
   8.2333336e+01  -4.6687518e+01   1.0000000e+00
   8.2632109e+01  -4.6803513e+01   1.0000000e+00
   8.2666664e+01  -4.6815708e+01   1.0000000e+00
   8.3000000e+01  -4.6937696e+01   1.0000000e+00
   8.3252283e+01  -4.7031197e+01   1.0000000e+00
   8.3333336e+01  -4.7056421e+01   1.0000000e+00
   8.3666664e+01  -4.7150239e+01   1.0000000e+00
   8.4000000e+01  -4.7238078e+01   1.0000000e+00
   8.4063047e+01  -4.7257912e+01   1.0000000e+00
   8.4333336e+01  -4.7341551e+01   1.0000000e+00
   8.4666664e+01  -4.7465057e+01   1.0000000e+00
   8.4714764e+01  -4.7483662e+01   1.0000000e+00
   8.5000000e+01  -4.7580434e+01   1.0000000e+00
   8.5333336e+01  -4.7701011e+01   1.0000000e+00
   8.5351633e+01  -4.7708447e+01   1.0000000e+00
   8.5666664e+01  -4.7843882e+01   1.0000000e+00
   8.5854958e+01  -4.7932262e+01   1.0000000e+00
   8.6000000e+01  -4.8001583e+01   1.0000000e+00
   8.6333336e+01  -4.8146738e+01   1.0000000e+00
   8.6354737e+01  -4.8155117e+01   1.0000000e+00
   8.6666664e+01  -4.8273658e+01   1.0000000e+00
   8.6961493e+01  -4.8377007e+01   1.0000000e+00
   8.7000000e+01  -4.8390393e+01   1.0000000e+00
   8.7333336e+01  -4.8503458e+01   1.0000000e+00
   8.7603661e+01  -4.8597935e+01   1.0000000e+00
   8.7666664e+01  -4.8620578e+01   1.0000000e+00
   8.8000000e+01  -4.8740107e+01   1.0000000e+00
   8.8232881e+01  -4.8817902e+01   1.0000000e+00
   8.8333336e+01  -4.8855358e+01   1.0000000e+00
   8.8666664e+01  -4.8951108e+01   1.0000000e+00
   8.9000000e+01  -4.9024240e+01   1.0000000e+00
   8.9073536e+01  -4.9036907e+01   1.0000000e+00
   8.9333336e+01  -4.9078550e+01   1.0000000e+00
   8.9666664e+01  -4.9136508e+01   1.0000000e+00
   9.0000000e+01  -4.9186887e+01   1.0000000e+00
   9.0333336e+01  -4.9217031e+01   1.0000000e+00
   9.0666664e+01  -4.9254806e+01   1.0000000e+00
   9.0667960e+01  -4.9254951e+01   1.0000000e+00
   9.1000000e+01  -4.9296018e+01   1.0000000e+00
   9.1333336e+01  -4.9279952e+01   1.0000000e+00
   9.1449635e+01  -4.9254951e+01   1.0000000e+00
   9.1666664e+01  -4.9206492e+01   1.0000000e+00
   9.2000000e+01  -4.9084229e+01   1.0000000e+00
   9.2097103e+01  -4.9036907e+01   1.0000000e+00
   9.2333336e+01  -4.8908561e+01   1.0000000e+00
   9.2492792e+01  -4.8817902e+01   1.0000000e+00
   9.2666664e+01  -4.8711269e+01   1.0000000e+00
   9.2885576e+01  -4.8597935e+01   1.0000000e+00
   9.3000000e+01  -4.8536681e+01   1.0000000e+00
   9.3333336e+01  -4.8447430e+01   1.0000000e+00
   9.3666664e+01  -4.8406016e+01   1.0000000e+00
   9.3843900e+01  -4.8377007e+01   1.0000000e+00
   9.4000000e+01  -4.8341281e+01   1.0000000e+00
   9.4333336e+01  -4.8216438e+01   1.0000000e+00
   9.4441446e+01  -4.8155117e+01   1.0000000e+00
   9.4666664e+01  -4.7981719e+01   1.0000000e+00
   9.4714155e+01  -4.7932262e+01   1.0000000e+00
   9.4879972e+01  -4.7708447e+01   1.0000000e+00
   9.4997768e+01  -4.7483662e+01   1.0000000e+00
   9.5000000e+01  -4.7479064e+01   1.0000000e+00
   9.5181147e+01  -4.7257912e+01   1.0000000e+00
   9.5333336e+01  -4.7175351e+01   1.0000000e+00
   9.5666664e+01  -4.7071187e+01   1.0000000e+00
   9.5835856e+01  -4.7031197e+01   1.0000000e+00
   9.6000000e+01  -4.6999974e+01   1.0000000e+00
   9.6333336e+01  -4.6915538e+01   1.0000000e+00
   9.6639874e+01  -4.6803513e+01   1.0000000e+00
   9.6666664e+01  -4.6794314e+01   1.0000000e+00
   9.7000000e+01  -4.6687587e+01   1.0000000e+00
   9.7333336e+01  -4.6646036e+01   1.0000000e+00
   9.7666664e+01  -4.6647194e+01   1.0000000e+00
   9.8000000e+01  -4.6664782e+01   1.0000000e+00
   9.8333336e+01  -4.6683986e+01   1.0000000e+00
   9.8666664e+01  -4.6710540e+01   1.0000000e+00
   9.9000000e+01  -4.6760884e+01   1.0000000e+00
   9.9214830e+01  -4.6803513e+01   1.0000000e+00
   9.9333336e+01  -4.6828025e+01   1.0000000e+00
   9.9666664e+01  -4.6892750e+01   1.0000000e+00
   1.0000000e+02  -4.6956769e+01   1.0000000e+00
   1.0033334e+02  -4.7012954e+01   1.0000000e+00
   1.0053430e+02  -4.7031197e+01   1.0000000e+00
   1.0066666e+02  -4.7040974e+01   1.0000000e+00
   1.0100000e+02  -4.7045401e+01   1.0000000e+00
   1.0133334e+02  -4.7043029e+01   1.0000000e+00
   1.0166666e+02  -4.7046362e+01   1.0000000e+00
   1.0200000e+02  -4.7064494e+01   1.0000000e+00
   1.0233334e+02  -4.7097459e+01   1.0000000e+00
   1.0266666e+02  -4.7139188e+01   1.0000000e+00
   1.0300000e+02  -4.7181243e+01   1.0000000e+00
   1.0333334e+02  -4.7219128e+01   1.0000000e+00
   1.0366666e+02  -4.7256090e+01   1.0000000e+00
   1.0368135e+02  -4.7257912e+01   1.0000000e+00
   1.0400000e+02  -4.7301643e+01   1.0000000e+00
   1.0433334e+02  -4.7352470e+01   1.0000000e+00
   1.0466666e+02  -4.7400091e+01   1.0000000e+00
   1.0500000e+02  -4.7442865e+01   1.0000000e+00
   1.0529743e+02  -4.7483662e+01   1.0000000e+00
   1.0533334e+02  -4.7489055e+01   1.0000000e+00
   1.0566666e+02  -4.7543458e+01   1.0000000e+00
   1.0600000e+02  -4.7604918e+01   1.0000000e+00
   1.0633334e+02  -4.7675788e+01   1.0000000e+00
   1.0648540e+02  -4.7708447e+01   1.0000000e+00
   1.0666666e+02  -4.7746648e+01   1.0000000e+00
   1.0700000e+02  -4.7812613e+01   1.0000000e+00
   1.0733334e+02  -4.7877200e+01   1.0000000e+00
   1.0761303e+02  -4.7932262e+01   1.0000000e+00
   1.0766666e+02  -4.7942166e+01   1.0000000e+00
   1.0800000e+02  -4.8001315e+01   1.0000000e+00
   1.0833334e+02  -4.8054668e+01   1.0000000e+00
   1.0866666e+02  -4.8106465e+01   1.0000000e+00
   1.0899644e+02  -4.8155117e+01   1.0000000e+00
   1.0900000e+02  -4.8155651e+01   1.0000000e+00
   1.0933334e+02  -4.8195515e+01   1.0000000e+00
   1.0966666e+02  -4.8228058e+01   1.0000000e+00
   1.1000000e+02  -4.8264653e+01   1.0000000e+00
   1.1033334e+02  -4.8307964e+01   1.0000000e+00
   1.1066666e+02  -4.8350969e+01   1.0000000e+00
   1.1089178e+02  -4.8377007e+01   1.0000000e+00
   1.1100000e+02  -4.8390822e+01   1.0000000e+00
   1.1133334e+02  -4.8429856e+01   1.0000000e+00
   1.1166666e+02  -4.8469396e+01   1.0000000e+00
   1.1200000e+02  -4.8506647e+01   1.0000000e+00
   1.1233334e+02  -4.8536764e+01   1.0000000e+00
   1.1266666e+02  -4.8567393e+01   1.0000000e+00
   1.1296225e+02  -4.8597935e+01   1.0000000e+00
   1.1300000e+02  -4.8602217e+01   1.0000000e+00
   1.1333334e+02  -4.8634044e+01   1.0000000e+00
   1.1366666e+02  -4.8662175e+01   1.0000000e+00
   1.1400000e+02  -4.8684686e+01   1.0000000e+00
   1.1433334e+02  -4.8689043e+01   1.0000000e+00
   1.1466666e+02  -4.8688694e+01   1.0000000e+00
   1.1500000e+02  -4.8685559e+01   1.0000000e+00
   1.1533334e+02  -4.8678175e+01   1.0000000e+00
   1.1566666e+02  -4.8691714e+01   1.0000000e+00
   1.1600000e+02  -4.8721076e+01   1.0000000e+00
   1.1633334e+02  -4.8748992e+01   1.0000000e+00
   1.1666666e+02  -4.8781708e+01   1.0000000e+00
   1.1693277e+02  -4.8817902e+01   1.0000000e+00
   1.1700000e+02  -4.8827787e+01   1.0000000e+00
   1.1733334e+02  -4.8885445e+01   1.0000000e+00
   1.1766666e+02  -4.8948318e+01   1.0000000e+00
   1.1800000e+02  -4.9011467e+01   1.0000000e+00
   1.1815804e+02  -4.9036907e+01   1.0000000e+00
   1.1833334e+02  -4.9064672e+01   1.0000000e+00
   1.1866666e+02  -4.9117844e+01   1.0000000e+00
   1.1900000e+02  -4.9202306e+01   1.0000000e+00
   1.1915894e+02  -4.9254951e+01   1.0000000e+00
   1.1933334e+02  -4.9315950e+01   1.0000000e+00
   1.1966666e+02  -4.9441394e+01   1.0000000e+00
   1.1973425e+02  -4.9472034e+01   1.0000000e+00
   1.2000000e+02  -4.9593979e+01   1.0000000e+00
   1.2018782e+02  -4.9688164e+01   1.0000000e+00
   1.2033334e+02  -4.9758513e+01   1.0000000e+00
   1.2064284e+02  -4.9903336e+01   1.0000000e+00
   1.2066666e+02  -4.9913586e+01   1.0000000e+00
   1.2100000e+02  -5.0046610e+01   1.0000000e+00
   1.2117503e+02  -5.0117550e+01   1.0000000e+00
   1.2133334e+02  -5.0167097e+01   1.0000000e+00
   1.2166666e+02  -5.0275030e+01   1.0000000e+00
   1.2184375e+02  -5.0330811e+01   1.0000000e+00
   1.2200000e+02  -5.0372105e+01   1.0000000e+00
   1.2233334e+02  -5.0451302e+01   1.0000000e+00
   1.2266666e+02  -5.0520818e+01   1.0000000e+00
   1.2277467e+02  -5.0543118e+01   1.0000000e+00
   1.2300000e+02  -5.0585576e+01   1.0000000e+00
   1.2333334e+02  -5.0643847e+01   1.0000000e+00
   1.2366666e+02  -5.0699073e+01   1.0000000e+00
   1.2397551e+02  -5.0754475e+01   1.0000000e+00
   1.2400000e+02  -5.0758824e+01   1.0000000e+00
   1.2433334e+02  -5.0816590e+01   1.0000000e+00
   1.2466666e+02  -5.0864770e+01   1.0000000e+00
   1.2500000e+02  -5.0898351e+01   1.0000000e+00
   1.2533334e+02  -5.0939177e+01   1.0000000e+00
   1.2544149e+02  -5.0964882e+01   1.0000000e+00
   1.2566666e+02  -5.1041642e+01   1.0000000e+00
   1.2600000e+02  -5.1159233e+01   1.0000000e+00
   1.2607127e+02  -5.1174343e+01   1.0000000e+00
   1.2633334e+02  -5.1223444e+01   1.0000000e+00
   1.2666666e+02  -5.1268720e+01   1.0000000e+00
   1.2700000e+02  -5.1313914e+01   1.0000000e+00
   1.2733334e+02  -5.1346932e+01   1.0000000e+00
   1.2766666e+02  -5.1363183e+01   1.0000000e+00
   1.2800000e+02  -5.1377186e+01   1.0000000e+00
   1.2807388e+02  -5.1382851e+01   1.0000000e+00
   1.2833333e+02  -5.1403422e+01   1.0000000e+00
   1.2866667e+02  -5.1440871e+01   1.0000000e+00
   1.2900000e+02  -5.1470199e+01   1.0000000e+00
   1.2933333e+02  -5.1478856e+01   1.0000000e+00
   1.2966667e+02  -5.1470191e+01   1.0000000e+00
   1.3000000e+02  -5.1454272e+01   1.0000000e+00
   1.3033333e+02  -5.1441884e+01   1.0000000e+00
   1.3066667e+02  -5.1433124e+01   1.0000000e+00
   1.3100000e+02  -5.1415523e+01   1.0000000e+00
   1.3133147e+02  -5.1382851e+01   1.0000000e+00
   1.3133333e+02  -5.1382655e+01   1.0000000e+00
   1.3166667e+02  -5.1338946e+01   1.0000000e+00
   1.3200000e+02  -5.1277107e+01   1.0000000e+00
   1.3233333e+02  -5.1181888e+01   1.0000000e+00
   1.3235579e+02  -5.1174343e+01   1.0000000e+00
   1.3266667e+02  -5.1063586e+01   1.0000000e+00
   1.3295975e+02  -5.0964882e+01   1.0000000e+00
   1.3300000e+02  -5.0953702e+01   1.0000000e+00
   1.3333333e+02  -5.0878915e+01   1.0000000e+00
   1.3366667e+02  -5.0808235e+01   1.0000000e+00
   1.3397623e+02  -5.0754475e+01   1.0000000e+00
   1.3400000e+02  -5.0750572e+01   1.0000000e+00
   1.3433333e+02  -5.0729379e+01   1.0000000e+00
   1.3466667e+02  -5.0731951e+01   1.0000000e+00
   1.3500000e+02  -5.0736962e+01   1.0000000e+00
   1.3533333e+02  -5.0748852e+01   1.0000000e+00
   1.3546983e+02  -5.0754475e+01   1.0000000e+00
   1.3566667e+02  -5.0762499e+01   1.0000000e+00
   1.3600000e+02  -5.0775837e+01   1.0000000e+00
   1.3633333e+02  -5.0793288e+01   1.0000000e+00
   1.3666667e+02  -5.0827196e+01   1.0000000e+00
   1.3700000e+02  -5.0893235e+01   1.0000000e+00
   1.3730057e+02  -5.0964882e+01   1.0000000e+00
   1.3733333e+02  -5.0972054e+01   1.0000000e+00
   1.3766667e+02  -5.1021042e+01   1.0000000e+00
   1.3800000e+02  -5.1047418e+01   1.0000000e+00
   1.3833333e+02  -5.1074827e+01   1.0000000e+00
   1.3866667e+02  -5.1115667e+01   1.0000000e+00
   1.3900000e+02  -5.1173350e+01   1.0000000e+00
   1.3900488e+02  -5.1174343e+01   1.0000000e+00
   1.3933333e+02  -5.1244282e+01   1.0000000e+00
   1.3966667e+02  -5.1321717e+01   1.0000000e+00
   1.3992755e+02  -5.1382851e+01   1.0000000e+00
   1.4000000e+02  -5.1399195e+01   1.0000000e+00
   1.4033333e+02  -5.1472505e+01   1.0000000e+00
   1.4066667e+02  -5.1536249e+01   1.0000000e+00
   1.4097600e+02  -5.1590416e+01   1.0000000e+00
   1.4100000e+02  -5.1594350e+01   1.0000000e+00
   1.4133333e+02  -5.1649282e+01   1.0000000e+00
   1.4166667e+02  -5.1703674e+01   1.0000000e+00
   1.4200000e+02  -5.1758946e+01   1.0000000e+00
   1.4221145e+02  -5.1797039e+01   1.0000000e+00
   1.4233333e+02  -5.1818937e+01   1.0000000e+00
   1.4266667e+02  -5.1877937e+01   1.0000000e+00
   1.4300000e+02  -5.1923348e+01   1.0000000e+00
   1.4333333e+02  -5.1954362e+01   1.0000000e+00
   1.4366667e+02  -5.1981522e+01   1.0000000e+00
   1.4386271e+02  -5.2002716e+01   1.0000000e+00
   1.4400000e+02  -5.2019847e+01   1.0000000e+00
   1.4433333e+02  -5.2074079e+01   1.0000000e+00
   1.4466667e+02  -5.2127832e+01   1.0000000e+00
   1.4500000e+02  -5.2167940e+01   1.0000000e+00
   1.4533333e+02  -5.2205071e+01   1.0000000e+00
   1.4535117e+02  -5.2207455e+01   1.0000000e+00
   1.4566667e+02  -5.2255675e+01   1.0000000e+00
   1.4600000e+02  -5.2318756e+01   1.0000000e+00
   1.4633333e+02  -5.2391037e+01   1.0000000e+00
   1.4641956e+02  -5.2411255e+01   1.0000000e+00
   1.4666667e+02  -5.2474726e+01   1.0000000e+00
   1.4700000e+02  -5.2556513e+01   1.0000000e+00
   1.4733333e+02  -5.2610547e+01   1.0000000e+00
   1.4737299e+02  -5.2614117e+01   1.0000000e+00
   1.4766667e+02  -5.2640756e+01   1.0000000e+00
   1.4800000e+02  -5.2655418e+01   1.0000000e+00
   1.4833333e+02  -5.2665028e+01   1.0000000e+00
   1.4866667e+02  -5.2684934e+01   1.0000000e+00
   1.4900000e+02  -5.2742434e+01   1.0000000e+00
   1.4922378e+02  -5.2816040e+01   1.0000000e+00
   1.4933333e+02  -5.2862168e+01   1.0000000e+00
   1.4961269e+02  -5.3017033e+01   1.0000000e+00
   1.4966667e+02  -5.3048986e+01   1.0000000e+00
   1.4999585e+02  -5.3217094e+01   1.0000000e+00
   1.5000000e+02  -5.3218842e+01   1.0000000e+00
   1.5033333e+02  -5.3302039e+01   1.0000000e+00
   1.5066667e+02  -5.3362051e+01   1.0000000e+00
   1.5099637e+02  -5.3416225e+01   1.0000000e+00
   1.5100000e+02  -5.3416803e+01   1.0000000e+00
   1.5133333e+02  -5.3452372e+01   1.0000000e+00
   1.5166667e+02  -5.3491300e+01   1.0000000e+00
   1.5200000e+02  -5.3554978e+01   1.0000000e+00
   1.5223852e+02  -5.3614426e+01   1.0000000e+00
   1.5233333e+02  -5.3637105e+01   1.0000000e+00
   1.5266667e+02  -5.3726854e+01   1.0000000e+00
   1.5297475e+02  -5.3811703e+01   1.0000000e+00
   1.5300000e+02  -5.3818184e+01   1.0000000e+00
   1.5333333e+02  -5.3883099e+01   1.0000000e+00
   1.5366667e+02  -5.3920446e+01   1.0000000e+00
   1.5400000e+02  -5.3933287e+01   1.0000000e+00
   1.5433333e+02  -5.3911317e+01   1.0000000e+00
   1.5466667e+02  -5.3857026e+01   1.0000000e+00
   1.5484555e+02  -5.3811703e+01   1.0000000e+00
   1.5500000e+02  -5.3767977e+01   1.0000000e+00
   1.5533333e+02  -5.3641754e+01   1.0000000e+00
   1.5540685e+02  -5.3614426e+01   1.0000000e+00
   1.5566667e+02  -5.3524545e+01   1.0000000e+00
   1.5600000e+02  -5.3473021e+01   1.0000000e+00
   1.5633333e+02  -5.3471163e+01   1.0000000e+00
   1.5666667e+02  -5.3489446e+01   1.0000000e+00
   1.5700000e+02  -5.3502614e+01   1.0000000e+00
   1.5733333e+02  -5.3492154e+01   1.0000000e+00
   1.5766667e+02  -5.3460741e+01   1.0000000e+00
   1.5800000e+02  -5.3423001e+01   1.0000000e+00
   1.5833333e+02  -5.3436577e+01   1.0000000e+00
   1.5866667e+02  -5.3453724e+01   1.0000000e+00
   1.5900000e+02  -5.3458351e+01   1.0000000e+00
   1.5933333e+02  -5.3439445e+01   1.0000000e+00
   1.5950893e+02  -5.3416225e+01   1.0000000e+00
   1.5966667e+02  -5.3393859e+01   1.0000000e+00
   1.6000000e+02  -5.3329164e+01   1.0000000e+00
   1.6033333e+02  -5.3307891e+01   1.0000000e+00
   1.6066667e+02  -5.3312845e+01   1.0000000e+00
   1.6100000e+02  -5.3335870e+01   1.0000000e+00
   1.6133333e+02  -5.3370657e+01   1.0000000e+00
   1.6166667e+02  -5.3402874e+01   1.0000000e+00
   1.6177818e+02  -5.3416225e+01   1.0000000e+00
   1.6200000e+02  -5.3443946e+01   1.0000000e+00
   1.6233333e+02  -5.3502246e+01   1.0000000e+00
   1.6266667e+02  -5.3555760e+01   1.0000000e+00
   1.6300000e+02  -5.3608965e+01   1.0000000e+00
   1.6302627e+02  -5.3614426e+01   1.0000000e+00
   1.6333333e+02  -5.3679778e+01   1.0000000e+00
   1.6366667e+02  -5.3758635e+01   1.0000000e+00
   1.6386091e+02  -5.3811703e+01   1.0000000e+00
   1.6400000e+02  -5.3850081e+01   1.0000000e+00
   1.6433333e+02  -5.3959795e+01   1.0000000e+00
   1.6448370e+02  -5.4008053e+01   1.0000000e+00
   1.6434404e+02  -5.4203484e+01   1.0000000e+00
   1.6435209e+02  -5.4397995e+01   1.0000000e+00
   1.6435948e+02  -5.4591587e+01   1.0000000e+00
   1.6466667e+02  -5.4768164e+01   1.0000000e+00
   1.6500000e+02  -5.4771262e+01   1.0000000e+00
   1.6533333e+02  -5.4774625e+01   1.0000000e+00
   1.6535000e+02  -5.4784260e+01   1.0000000e+00
   1.6566667e+02  -5.4966244e+01   1.0000000e+00
   1.6600000e+02  -5.4970197e+01   1.0000000e+00
   1.6601013e+02  -5.4976025e+01   1.0000000e+00
   1.6600000e+02  -5.4981824e+01   1.0000000e+00
   1.6568844e+02  -5.5166874e+01   1.0000000e+00
   1.6569313e+02  -5.5356815e+01   1.0000000e+00
   1.6600000e+02  -5.5532297e+01   1.0000000e+00
   1.6633333e+02  -5.5536382e+01   1.0000000e+00
   1.6666158e+02  -5.5356815e+01   1.0000000e+00
   1.6666667e+02  -5.5353913e+01   1.0000000e+00
   1.6691077e+02  -5.5356815e+01   1.0000000e+00
   1.6700000e+02  -5.5431154e+01   1.0000000e+00
   1.6713577e+02  -5.5545853e+01   1.0000000e+00
   1.6728688e+02  -5.5733982e+01   1.0000000e+00
   1.6733333e+02  -5.5797910e+01   1.0000000e+00
   1.6740803e+02  -5.5921211e+01   1.0000000e+00
   1.6752252e+02  -5.6107536e+01   1.0000000e+00
   1.6764686e+02  -5.6292969e+01   1.0000000e+00
   1.6766667e+02  -5.6318155e+01   1.0000000e+00
   1.6780917e+02  -5.6477505e+01   1.0000000e+00
   1.6800000e+02  -5.6647925e+01   1.0000000e+00
   1.6801740e+02  -5.6661144e+01   1.0000000e+00
   1.6820451e+02  -5.6843895e+01   1.0000000e+00
   1.6832578e+02  -5.7025761e+01   1.0000000e+00
   1.6833333e+02  -5.7038975e+01   1.0000000e+00
   1.6842766e+02  -5.7206738e+01   1.0000000e+00
   1.6854228e+02  -5.7386833e+01   1.0000000e+00
   1.6866667e+02  -5.7517559e+01   1.0000000e+00
   1.6872282e+02  -5.7566048e+01   1.0000000e+00
   1.6900000e+02  -5.7732196e+01   1.0000000e+00
   1.6902846e+02  -5.7744385e+01   1.0000000e+00
   1.6933333e+02  -5.7862656e+01   1.0000000e+00
   1.6949882e+02  -5.7921848e+01   1.0000000e+00
   1.6966667e+02  -5.7983607e+01   1.0000000e+00
   1.6999149e+02  -5.8098438e+01   1.0000000e+00
   1.7000000e+02  -5.8102078e+01   1.0000000e+00
   1.7033333e+02  -5.8194537e+01   1.0000000e+00
   1.7066667e+02  -5.8253690e+01   1.0000000e+00
   1.7080357e+02  -5.8274158e+01   1.0000000e+00
   1.7100000e+02  -5.8304253e+01   1.0000000e+00
   1.7133333e+02  -5.8328506e+01   1.0000000e+00
   1.7166667e+02  -5.8330148e+01   1.0000000e+00
   1.7200000e+02  -5.8308551e+01   1.0000000e+00
   1.7225495e+02  -5.8274158e+01   1.0000000e+00
   1.7233333e+02  -5.8263548e+01   1.0000000e+00
   1.7266667e+02  -5.8212958e+01   1.0000000e+00
   1.7300000e+02  -5.8143153e+01   1.0000000e+00
   1.7313097e+02  -5.8098438e+01   1.0000000e+00
   1.7333333e+02  -5.8012653e+01   1.0000000e+00
   1.7351709e+02  -5.7921848e+01   1.0000000e+00
   1.7366667e+02  -5.7840095e+01   1.0000000e+00
   1.7384364e+02  -5.7744385e+01   1.0000000e+00
   1.7400000e+02  -5.7667368e+01   1.0000000e+00
   1.7418313e+02  -5.7566048e+01   1.0000000e+00
   1.7433333e+02  -5.7469514e+01   1.0000000e+00
   1.7444245e+02  -5.7386833e+01   1.0000000e+00
   1.7465410e+02  -5.7206738e+01   1.0000000e+00
   1.7466667e+02  -5.7196731e+01   1.0000000e+00
   1.7487293e+02  -5.7025761e+01   1.0000000e+00
   1.7500000e+02  -5.6926581e+01   1.0000000e+00
   1.7510819e+02  -5.6843895e+01   1.0000000e+00
   1.7533333e+02  -5.6670873e+01   1.0000000e+00
   1.7534717e+02  -5.6661144e+01   1.0000000e+00
   1.7559965e+02  -5.6477505e+01   1.0000000e+00
   1.7566667e+02  -5.6429248e+01   1.0000000e+00
   1.7583556e+02  -5.6292969e+01   1.0000000e+00
   1.7600000e+02  -5.6152635e+01   1.0000000e+00
   1.7605800e+02  -5.6107536e+01   1.0000000e+00
   1.7633081e+02  -5.5921211e+01   1.0000000e+00
   1.7633333e+02  -5.5919728e+01   1.0000000e+00
   1.7666667e+02  -5.5750329e+01   1.0000000e+00
   1.7671143e+02  -5.5733982e+01   1.0000000e+00
   1.7700000e+02  -5.5625637e+01   1.0000000e+00
   1.7733333e+02  -5.5583174e+01   1.0000000e+00
   1.7766667e+02  -5.5580539e+01   1.0000000e+00
   1.7800000e+02  -5.5591262e+01   1.0000000e+00
   1.7833333e+02  -5.5617611e+01   1.0000000e+00
   1.7866667e+02  -5.5630027e+01   1.0000000e+00
   1.7900000e+02  -5.5634521e+01   1.0000000e+00
   1.7933333e+02  -5.5678388e+01   1.0000000e+00
   1.7954922e+02  -5.5733982e+01   1.0000000e+00
   1.7966667e+02  -5.5755137e+01   1.0000000e+00
   1.8000000e+02  -5.5840411e+01   1.0000000e+00
   1.8023444e+02  -5.5921211e+01   1.0000000e+00
   1.8033333e+02  -5.5945672e+01   1.0000000e+00
   1.8066667e+02  -5.6026229e+01   1.0000000e+00
   1.8100000e+02  -5.6095400e+01   1.0000000e+00
   1.8108025e+02  -5.6107536e+01   1.0000000e+00
   1.8133333e+02  -5.6145208e+01   1.0000000e+00
   1.8166667e+02  -5.6168358e+01   1.0000000e+00
   1.8200000e+02  -5.6165447e+01   1.0000000e+00
   1.8233333e+02  -5.6156835e+01   1.0000000e+00
   1.8266667e+02  -5.6173434e+01   1.0000000e+00
   1.8300000e+02  -5.6214031e+01   1.0000000e+00
   1.8333333e+02  -5.6271951e+01   1.0000000e+00
   1.8343515e+02  -5.6292969e+01   1.0000000e+00
   1.8366667e+02  -5.6347821e+01   1.0000000e+00
   1.8400000e+02  -5.6395739e+01   1.0000000e+00
   1.8433333e+02  -5.6407826e+01   1.0000000e+00
   1.8466667e+02  -5.6419547e+01   1.0000000e+00
   1.8500000e+02  -5.6435580e+01   1.0000000e+00
   1.8533333e+02  -5.6444741e+01   1.0000000e+00
   1.8566667e+02  -5.6450232e+01   1.0000000e+00
   1.8600000e+02  -5.6440754e+01   1.0000000e+00
   1.8633333e+02  -5.6403631e+01   1.0000000e+00
   1.8666667e+02  -5.6338605e+01   1.0000000e+00
   1.8683581e+02  -5.6292969e+01   1.0000000e+00
   1.8700000e+02  -5.6250178e+01   1.0000000e+00
   1.8733333e+02  -5.6139234e+01   1.0000000e+00
   1.8741718e+02  -5.6107536e+01   1.0000000e+00
   1.8766667e+02  -5.6013254e+01   1.0000000e+00
   1.8789725e+02  -5.5921211e+01   1.0000000e+00
   1.8800000e+02  -5.5878532e+01   1.0000000e+00
   1.8833333e+02  -5.5739045e+01   1.0000000e+00
   1.8834717e+02  -5.5733982e+01   1.0000000e+00
   1.8866667e+02  -5.5589013e+01   1.0000000e+00
   1.8878216e+02  -5.5545853e+01   1.0000000e+00
   1.8900000e+02  -5.5465493e+01   1.0000000e+00
   1.8933333e+02  -5.5389474e+01   1.0000000e+00
   1.8949075e+02  -5.5356815e+01   1.0000000e+00
   1.8966667e+02  -5.5323555e+01   1.0000000e+00
   1.9000000e+02  -5.5265226e+01   1.0000000e+00
   1.9033333e+02  -5.5233653e+01   1.0000000e+00
   1.9066667e+02  -5.5208480e+01   1.0000000e+00
   1.9100000e+02  -5.5174791e+01   1.0000000e+00
   1.9121443e+02  -5.5166874e+01   1.0000000e+00
   1.9133333e+02  -5.5162520e+01   1.0000000e+00
   1.9166667e+02  -5.5147353e+01   1.0000000e+00
   1.9200000e+02  -5.5139297e+01   1.0000000e+00
   1.9233333e+02  -5.5156658e+01   1.0000000e+00
   1.9241202e+02  -5.5166874e+01   1.0000000e+00
   1.9266667e+02  -5.5196237e+01   1.0000000e+00
   1.9300000e+02  -5.5247136e+01   1.0000000e+00
   1.9333333e+02  -5.5301191e+01   1.0000000e+00
   1.9366667e+02  -5.5347097e+01   1.0000000e+00
   1.9375289e+02  -5.5356815e+01   1.0000000e+00
   1.9400000e+02  -5.5386110e+01   1.0000000e+00
   1.9433333e+02  -5.5420124e+01   1.0000000e+00
   1.9466667e+02  -5.5435738e+01   1.0000000e+00
   1.9500000e+02  -5.5430572e+01   1.0000000e+00
   1.9533333e+02  -5.5400452e+01   1.0000000e+00
   1.9556203e+02  -5.5356815e+01   1.0000000e+00
   1.9566667e+02  -5.5329071e+01   1.0000000e+00
   1.9600000e+02  -5.5199166e+01   1.0000000e+00
   1.9608820e+02  -5.5166874e+01   1.0000000e+00
   1.9633333e+02  -5.5089243e+01   1.0000000e+00
   1.9666667e+02  -5.5016950e+01   1.0000000e+00
   1.9700000e+02  -5.4985280e+01   1.0000000e+00
   1.9733333e+02  -5.4979188e+01   1.0000000e+00
   1.9766667e+02  -5.5005472e+01   1.0000000e+00
   1.9800000e+02  -5.5062990e+01   1.0000000e+00
   1.9833333e+02  -5.5133541e+01   1.0000000e+00
   1.9850431e+02  -5.5166874e+01   1.0000000e+00
   1.9866667e+02  -5.5200566e+01   1.0000000e+00
   1.9900000e+02  -5.5252331e+01   1.0000000e+00
   1.9933333e+02  -5.5302052e+01   1.0000000e+00
   1.9966667e+02  -5.5337777e+01   1.0000000e+00
   2.0000000e+02  -5.5338686e+01   1.0000000e+00
   2.0033333e+02  -5.5284246e+01   1.0000000e+00
   2.0066667e+02  -5.5192685e+01   1.0000000e+00
   2.0075140e+02  -5.5166874e+01   1.0000000e+00
   2.0100000e+02  -5.5107707e+01   1.0000000e+00
   2.0133333e+02  -5.5005651e+01   1.0000000e+00
   2.0140306e+02  -5.4976025e+01   1.0000000e+00
   2.0166667e+02  -5.4880033e+01   1.0000000e+00
   2.0190293e+02  -5.4784260e+01   1.0000000e+00
   2.0200000e+02  -5.4750708e+01   1.0000000e+00
   2.0233333e+02  -5.4632089e+01   1.0000000e+00
   2.0245914e+02  -5.4591587e+01   1.0000000e+00
   2.0266667e+02  -5.4543372e+01   1.0000000e+00
   2.0300000e+02  -5.4477376e+01   1.0000000e+00
   2.0333333e+02  -5.4411977e+01   1.0000000e+00
   2.0340103e+02  -5.4397995e+01   1.0000000e+00
   2.0366667e+02  -5.4345923e+01   1.0000000e+00
   2.0400000e+02  -5.4274574e+01   1.0000000e+00
   2.0432764e+02  -5.4203484e+01   1.0000000e+00
   2.0433333e+02  -5.4202248e+01   1.0000000e+00
   2.0466667e+02  -5.4132667e+01   1.0000000e+00
   2.0500000e+02  -5.4065512e+01   1.0000000e+00
   2.0525768e+02  -5.4008053e+01   1.0000000e+00
   2.0533333e+02  -5.3991282e+01   1.0000000e+00
   2.0566667e+02  -5.3901553e+01   1.0000000e+00
   2.0596908e+02  -5.3811703e+01   1.0000000e+00
   2.0600000e+02  -5.3802044e+01   1.0000000e+00
   2.0633333e+02  -5.3710709e+01   1.0000000e+00
   2.0666667e+02  -5.3637736e+01   1.0000000e+00
   2.0681128e+02  -5.3614426e+01   1.0000000e+00
   2.0700000e+02  -5.3583397e+01   1.0000000e+00
   2.0733333e+02  -5.3549956e+01   1.0000000e+00
   2.0766667e+02  -5.3527763e+01   1.0000000e+00
   2.0800000e+02  -5.3507458e+01   1.0000000e+00
   2.0833333e+02  -5.3490856e+01   1.0000000e+00
   2.0866667e+02  -5.3471813e+01   1.0000000e+00
   2.0900000e+02  -5.3451366e+01   1.0000000e+00
   2.0933333e+02  -5.3446492e+01   1.0000000e+00
   2.0966667e+02  -5.3449609e+01   1.0000000e+00
   2.1000000e+02  -5.3449327e+01   1.0000000e+00
   2.1033333e+02  -5.3449493e+01   1.0000000e+00
   2.1066667e+02  -5.3448861e+01   1.0000000e+00
   2.1100000e+02  -5.3451711e+01   1.0000000e+00
   2.1133333e+02  -5.3455371e+01   1.0000000e+00
   2.1166667e+02  -5.3448833e+01   1.0000000e+00
   2.1200000e+02  -5.3428089e+01   1.0000000e+00
   2.1212937e+02  -5.3416225e+01   1.0000000e+00
   2.1233333e+02  -5.3397507e+01   1.0000000e+00
   2.1266667e+02  -5.3356027e+01   1.0000000e+00
   2.1300000e+02  -5.3306831e+01   1.0000000e+00
   2.1333333e+02  -5.3276337e+01   1.0000000e+00
   2.1366667e+02  -5.3282513e+01   1.0000000e+00
   2.1400000e+02  -5.3300631e+01   1.0000000e+00
   2.1433333e+02  -5.3308732e+01   1.0000000e+00
   2.1466667e+02  -5.3329975e+01   1.0000000e+00
   2.1500000e+02  -5.3382104e+01   1.0000000e+00
   2.1517611e+02  -5.3416225e+01   1.0000000e+00
   2.1533333e+02  -5.3445181e+01   1.0000000e+00
   2.1566667e+02  -5.3498994e+01   1.0000000e+00
   2.1600000e+02  -5.3545952e+01   1.0000000e+00
   2.1633333e+02  -5.3597659e+01   1.0000000e+00
   2.1644419e+02  -5.3614426e+01   1.0000000e+00
   2.1666667e+02  -5.3646297e+01   1.0000000e+00
   2.1700000e+02  -5.3667283e+01   1.0000000e+00
   2.1733333e+02  -5.3655125e+01   1.0000000e+00
   2.1766667e+02  -5.3630177e+01   1.0000000e+00
   2.1782733e+02  -5.3614426e+01   1.0000000e+00
   2.1800000e+02  -5.3595505e+01   1.0000000e+00
   2.1833333e+02  -5.3550246e+01   1.0000000e+00
   2.1866667e+02  -5.3514679e+01   1.0000000e+00
   2.1900000e+02  -5.3495367e+01   1.0000000e+00
   2.1933333e+02  -5.3478154e+01   1.0000000e+00
   2.1966667e+02  -5.3464265e+01   1.0000000e+00
   2.2000000e+02  -5.3465312e+01   1.0000000e+00
   2.2033333e+02  -5.3485919e+01   1.0000000e+00
   2.2066667e+02  -5.3513360e+01   1.0000000e+00
   2.2100000e+02  -5.3527673e+01   1.0000000e+00
   2.2133333e+02  -5.3526138e+01   1.0000000e+00
   2.2166667e+02  -5.3517370e+01   1.0000000e+00
   2.2200000e+02  -5.3508250e+01   1.0000000e+00
   2.2233333e+02  -5.3503981e+01   1.0000000e+00
   2.2266667e+02  -5.3502964e+01   1.0000000e+00
   2.2300000e+02  -5.3510538e+01   1.0000000e+00
   2.2333333e+02  -5.3531847e+01   1.0000000e+00
   2.2366667e+02  -5.3561301e+01   1.0000000e+00
   2.2400000e+02  -5.3602464e+01   1.0000000e+00
   2.2406642e+02  -5.3614426e+01   1.0000000e+00
   2.2433333e+02  -5.3668028e+01   1.0000000e+00
   2.2466667e+02  -5.3744550e+01   1.0000000e+00
   2.2495370e+02  -5.3811703e+01   1.0000000e+00
   2.2500000e+02  -5.3822146e+01   1.0000000e+00
   2.2533333e+02  -5.3897321e+01   1.0000000e+00
   2.2566667e+02  -5.3957517e+01   1.0000000e+00
   2.2598401e+02  -5.4008053e+01   1.0000000e+00
   2.2600000e+02  -5.4010630e+01   1.0000000e+00
   2.2633333e+02  -5.4095622e+01   1.0000000e+00
   2.2666667e+02  -5.4196817e+01   1.0000000e+00
   2.2668749e+02  -5.4203484e+01   1.0000000e+00
   2.2700000e+02  -5.4297999e+01   1.0000000e+00
   2.2733333e+02  -5.4389596e+01   1.0000000e+00
   2.2736919e+02  -5.4397995e+01   1.0000000e+00
   2.2766667e+02  -5.4465484e+01   1.0000000e+00
   2.2800000e+02  -5.4548068e+01   1.0000000e+00
   2.2814988e+02  -5.4591587e+01   1.0000000e+00
   2.2833333e+02  -5.4652847e+01   1.0000000e+00
   2.2866667e+02  -5.4765754e+01   1.0000000e+00
   2.2872639e+02  -5.4784260e+01   1.0000000e+00
   2.2900000e+02  -5.4870292e+01   1.0000000e+00
   2.2933333e+02  -5.4960015e+01   1.0000000e+00
   2.2939454e+02  -5.4976025e+01   1.0000000e+00
   2.2966667e+02  -5.5052619e+01   1.0000000e+00
   2.3000000e+02  -5.5152439e+01   1.0000000e+00
   2.3004304e+02  -5.5166874e+01   1.0000000e+00
   2.3033333e+02  -5.5269084e+01   1.0000000e+00
   2.3057410e+02  -5.5356815e+01   1.0000000e+00
   2.3066667e+02  -5.5391914e+01   1.0000000e+00
   2.3100000e+02  -5.5499682e+01   1.0000000e+00
   2.3119898e+02  -5.5545853e+01   1.0000000e+00
   2.3133333e+02  -5.5579058e+01   1.0000000e+00
   2.3166667e+02  -5.5648740e+01   1.0000000e+00
   2.3200000e+02  -5.5721581e+01   1.0000000e+00
   2.3205153e+02  -5.5733982e+01   1.0000000e+00
   2.3233333e+02  -5.5815548e+01   1.0000000e+00
   2.3266667e+02  -5.5908234e+01   1.0000000e+00
   2.3272018e+02  -5.5921211e+01   1.0000000e+00
   2.3300000e+02  -5.5995188e+01   1.0000000e+00
   2.3333333e+02  -5.6069461e+01   1.0000000e+00
   2.3351207e+02  -5.6107536e+01   1.0000000e+00
   2.3366667e+02  -5.6142280e+01   1.0000000e+00
   2.3400000e+02  -5.6214397e+01   1.0000000e+00
   2.3433333e+02  -5.6273007e+01   1.0000000e+00
   2.3447150e+02  -5.6292969e+01   1.0000000e+00
   2.3466667e+02  -5.6323671e+01   1.0000000e+00
   2.3500000e+02  -5.6363642e+01   1.0000000e+00
   2.3533333e+02  -5.6384505e+01   1.0000000e+00
   2.3566667e+02  -5.6388771e+01   1.0000000e+00
   2.3600000e+02  -5.6378437e+01   1.0000000e+00
   2.3633333e+02  -5.6352737e+01   1.0000000e+00
   2.3666667e+02  -5.6325772e+01   1.0000000e+00
   2.3700000e+02  -5.6308019e+01   1.0000000e+00
   2.3733333e+02  -5.6294036e+01   1.0000000e+00
   2.3735038e+02  -5.6292969e+01   1.0000000e+00
   2.3766667e+02  -5.6272408e+01   1.0000000e+00
   2.3800000e+02  -5.6233565e+01   1.0000000e+00
   2.3833333e+02  -5.6176793e+01   1.0000000e+00
   2.3866667e+02  -5.6109703e+01   1.0000000e+00
   2.3867742e+02  -5.6107536e+01   1.0000000e+00
   2.3900000e+02  -5.6037056e+01   1.0000000e+00
   2.3933333e+02  -5.5978320e+01   1.0000000e+00
   2.3966667e+02  -5.5945644e+01   1.0000000e+00
   2.4000000e+02  -5.5959685e+01   1.0000000e+00
   2.4033333e+02  -5.6023744e+01   1.0000000e+00
   2.4066667e+02  -5.6060299e+01   1.0000000e+00
   2.4100000e+02  -5.6046551e+01   1.0000000e+00
   2.4133333e+02  -5.6013947e+01   1.0000000e+00
   2.4166667e+02  -5.5962913e+01   1.0000000e+00
   2.4185561e+02  -5.5921211e+01   1.0000000e+00
   2.4200000e+02  -5.5885303e+01   1.0000000e+00
   2.4233333e+02  -5.5805297e+01   1.0000000e+00
   2.4266667e+02  -5.5770712e+01   1.0000000e+00
   2.4300000e+02  -5.5811479e+01   1.0000000e+00
   2.4333333e+02  -5.5910298e+01   1.0000000e+00
   2.4336325e+02  -5.5921211e+01   1.0000000e+00
   2.4366667e+02  -5.6024937e+01   1.0000000e+00
   2.4388675e+02  -5.6107536e+01   1.0000000e+00
   2.4400000e+02  -5.6146395e+01   1.0000000e+00
   2.4433333e+02  -5.6234361e+01   1.0000000e+00
   2.4466667e+02  -5.6289347e+01   1.0000000e+00
   2.4470938e+02  -5.6292969e+01   1.0000000e+00
   2.4500000e+02  -5.6313959e+01   1.0000000e+00
   2.4533333e+02  -5.6322166e+01   1.0000000e+00
   2.4566667e+02  -5.6322580e+01   1.0000000e+00
   2.4600000e+02  -5.6320814e+01   1.0000000e+00
   2.4633333e+02  -5.6323945e+01   1.0000000e+00
   2.4666667e+02  -5.6335051e+01   1.0000000e+00
   2.4700000e+02  -5.6349704e+01   1.0000000e+00
   2.4733333e+02  -5.6363462e+01   1.0000000e+00
   2.4766667e+02  -5.6374607e+01   1.0000000e+00
   2.4800000e+02  -5.6381574e+01   1.0000000e+00
   2.4833333e+02  -5.6381715e+01   1.0000000e+00
   2.4866667e+02  -5.6380351e+01   1.0000000e+00
   2.4900000e+02  -5.6389824e+01   1.0000000e+00
   2.4933333e+02  -5.6413330e+01   1.0000000e+00
   2.4966667e+02  -5.6445788e+01   1.0000000e+00
   2.4990700e+02  -5.6477505e+01   1.0000000e+00
   2.5000000e+02  -5.6490511e+01   1.0000000e+00
   2.5033333e+02  -5.6559768e+01   1.0000000e+00
   2.5066667e+02  -5.6657458e+01   1.0000000e+00
   2.5067877e+02  -5.6661144e+01   1.0000000e+00
   2.5100000e+02  -5.6756099e+01   1.0000000e+00
   2.5133333e+02  -5.6840944e+01   1.0000000e+00
   2.5134702e+02  -5.6843895e+01   1.0000000e+00
   2.5166667e+02  -5.6917791e+01   1.0000000e+00
   2.5200000e+02  -5.6998727e+01   1.0000000e+00
   2.5210567e+02  -5.7025761e+01   1.0000000e+00
   2.5233333e+02  -5.7097517e+01   1.0000000e+00
   2.5266661e+02  -5.7206738e+01   1.0000000e+00
   2.5266667e+02  -5.7206761e+01   1.0000000e+00
   2.5300000e+02  -5.7336969e+01   1.0000000e+00
   2.5313273e+02  -5.7386833e+01   1.0000000e+00
   2.5333333e+02  -5.7461251e+01   1.0000000e+00
   2.5362889e+02  -5.7566048e+01   1.0000000e+00
   2.5366667e+02  -5.7578695e+01   1.0000000e+00
   2.5400000e+02  -5.7688310e+01   1.0000000e+00
   2.5422800e+02  -5.7744385e+01   1.0000000e+00
   2.5433333e+02  -5.7764567e+01   1.0000000e+00
   2.5466667e+02  -5.7795391e+01   1.0000000e+00
   2.5500000e+02  -5.7791788e+01   1.0000000e+00
   2.5533333e+02  -5.7749761e+01   1.0000000e+00
   2.5536274e+02  -5.7744385e+01   1.0000000e+00
   2.5566667e+02  -5.7666355e+01   1.0000000e+00
   2.5600000e+02  -5.7575976e+01   1.0000000e+00
   2.5605181e+02  -5.7566048e+01   1.0000000e+00
   2.5633334e+02  -5.7510505e+01   1.0000000e+00
   2.5666666e+02  -5.7491881e+01   1.0000000e+00
   2.5700000e+02  -5.7484302e+01   1.0000000e+00
   2.5733334e+02  -5.7474017e+01   1.0000000e+00
   2.5766666e+02  -5.7475636e+01   1.0000000e+00
   2.5800000e+02  -5.7497319e+01   1.0000000e+00
   2.5833334e+02  -5.7515684e+01   1.0000000e+00
   2.5866666e+02  -5.7511336e+01   1.0000000e+00
   2.5900000e+02  -5.7473407e+01   1.0000000e+00
   2.5933334e+02  -5.7394034e+01   1.0000000e+00
   2.5935246e+02  -5.7386833e+01   1.0000000e+00
   2.5966666e+02  -5.7262883e+01   1.0000000e+00
   2.5977226e+02  -5.7206738e+01   1.0000000e+00
   2.6000000e+02  -5.7111189e+01   1.0000000e+00
   2.6026445e+02  -5.7025761e+01   1.0000000e+00
   2.6033334e+02  -5.7010136e+01   1.0000000e+00
   2.6066666e+02  -5.6942498e+01   1.0000000e+00
   2.6100000e+02  -5.6893208e+01   1.0000000e+00
   2.6133334e+02  -5.6897205e+01   1.0000000e+00
   2.6166666e+02  -5.6958721e+01   1.0000000e+00
   2.6191214e+02  -5.7025761e+01   1.0000000e+00
   2.6200000e+02  -5.7042906e+01   1.0000000e+00
   2.6233334e+02  -5.7118665e+01   1.0000000e+00
   2.6266666e+02  -5.7197233e+01   1.0000000e+00
   2.6269461e+02  -5.7206738e+01   1.0000000e+00
   2.6300000e+02  -5.7315641e+01   1.0000000e+00
   2.6313370e+02  -5.7386833e+01   1.0000000e+00
   2.6333334e+02  -5.7496590e+01   1.0000000e+00
   2.6346999e+02  -5.7566048e+01   1.0000000e+00
   2.6366666e+02  -5.7648726e+01   1.0000000e+00
   2.6398190e+02  -5.7744385e+01   1.0000000e+00
   2.6400000e+02  -5.7748883e+01   1.0000000e+00
   2.6433334e+02  -5.7814453e+01   1.0000000e+00
   2.6466666e+02  -5.7862215e+01   1.0000000e+00
   2.6500000e+02  -5.7900289e+01   1.0000000e+00
   2.6524556e+02  -5.7921848e+01   1.0000000e+00
   2.6533334e+02  -5.7929255e+01   1.0000000e+00
   2.6566666e+02  -5.7950742e+01   1.0000000e+00
   2.6600000e+02  -5.7977336e+01   1.0000000e+00
   2.6633334e+02  -5.8013190e+01   1.0000000e+00
   2.6666666e+02  -5.8045292e+01   1.0000000e+00
   2.6700000e+02  -5.8077120e+01   1.0000000e+00
   2.6715730e+02  -5.8098438e+01   1.0000000e+00
   2.6733334e+02  -5.8123388e+01   1.0000000e+00
   2.6766666e+02  -5.8185976e+01   1.0000000e+00
   2.6800000e+02  -5.8252036e+01   1.0000000e+00
   2.6812521e+02  -5.8274158e+01   1.0000000e+00
   2.6833334e+02  -5.8309139e+01   1.0000000e+00
   2.6866666e+02  -5.8352083e+01   1.0000000e+00
   2.6900000e+02  -5.8387746e+01   1.0000000e+00
   2.6933334e+02  -5.8434957e+01   1.0000000e+00
   2.6940096e+02  -5.8449009e+01   1.0000000e+00
   2.6966666e+02  -5.8509373e+01   1.0000000e+00
   2.7000000e+02  -5.8582897e+01   1.0000000e+00
   2.7021731e+02  -5.8622997e+01   1.0000000e+00
   2.7033334e+02  -5.8644535e+01   1.0000000e+00
   2.7066666e+02  -5.8695963e+01   1.0000000e+00
   2.7100000e+02  -5.8733726e+01   1.0000000e+00
   2.7133334e+02  -5.8758072e+01   1.0000000e+00
   2.7166666e+02  -5.8795123e+01   1.0000000e+00
   2.7167432e+02  -5.8796120e+01   1.0000000e+00
   2.7200000e+02  -5.8842722e+01   1.0000000e+00
   2.7233334e+02  -5.8874616e+01   1.0000000e+00
   2.7266666e+02  -5.8902761e+01   1.0000000e+00
   2.7300000e+02  -5.8948462e+01   1.0000000e+00
   2.7314726e+02  -5.8968388e+01   1.0000000e+00
   2.7333334e+02  -5.8992881e+01   1.0000000e+00
   2.7366666e+02  -5.9032082e+01   1.0000000e+00
   2.7400000e+02  -5.9045582e+01   1.0000000e+00
   2.7433334e+02  -5.9036926e+01   1.0000000e+00
   2.7466666e+02  -5.9024123e+01   1.0000000e+00
   2.7500000e+02  -5.9015198e+01   1.0000000e+00
   2.7533334e+02  -5.9006960e+01   1.0000000e+00
   2.7566666e+02  -5.8995721e+01   1.0000000e+00
   2.7600000e+02  -5.8973612e+01   1.0000000e+00
   2.7604700e+02  -5.8968388e+01   1.0000000e+00
   2.7633334e+02  -5.8933981e+01   1.0000000e+00
   2.7666666e+02  -5.8892341e+01   1.0000000e+00
   2.7700000e+02  -5.8857787e+01   1.0000000e+00
   2.7733334e+02  -5.8824598e+01   1.0000000e+00
   2.7755199e+02  -5.8796120e+01   1.0000000e+00
   2.7766666e+02  -5.8778303e+01   1.0000000e+00
   2.7800000e+02  -5.8701400e+01   1.0000000e+00
   2.7829779e+02  -5.8622997e+01   1.0000000e+00
   2.7833334e+02  -5.8613338e+01   1.0000000e+00
   2.7866666e+02  -5.8540983e+01   1.0000000e+00
   2.7900000e+02  -5.8482115e+01   1.0000000e+00
   2.7917689e+02  -5.8449009e+01   1.0000000e+00
   2.7933334e+02  -5.8413087e+01   1.0000000e+00
   2.7966666e+02  -5.8345043e+01   1.0000000e+00
   2.8000000e+02  -5.8294149e+01   1.0000000e+00
   2.8021197e+02  -5.8274158e+01   1.0000000e+00
   2.8033334e+02  -5.8262912e+01   1.0000000e+00
   2.8066666e+02  -5.8248458e+01   1.0000000e+00
   2.8100000e+02  -5.8245498e+01   1.0000000e+00
   2.8133334e+02  -5.8256960e+01   1.0000000e+00
   2.8152730e+02  -5.8274158e+01   1.0000000e+00
   2.8166666e+02  -5.8285963e+01   1.0000000e+00
   2.8200000e+02  -5.8329481e+01   1.0000000e+00
   2.8233334e+02  -5.8380498e+01   1.0000000e+00
   2.8266666e+02  -5.8415269e+01   1.0000000e+00
   2.8300000e+02  -5.8437450e+01   1.0000000e+00
   2.8311239e+02  -5.8449009e+01   1.0000000e+00
   2.8333334e+02  -5.8474212e+01   1.0000000e+00
   2.8366666e+02  -5.8508036e+01   1.0000000e+00
   2.8400000e+02  -5.8517265e+01   1.0000000e+00
   2.8433334e+02  -5.8508608e+01   1.0000000e+00
   2.8466666e+02  -5.8492602e+01   1.0000000e+00
   2.8500000e+02  -5.8464507e+01   1.0000000e+00
   2.8514806e+02  -5.8449009e+01   1.0000000e+00
   2.8533334e+02  -5.8426458e+01   1.0000000e+00
   2.8566666e+02  -5.8378785e+01   1.0000000e+00
   2.8600000e+02  -5.8352253e+01   1.0000000e+00
   2.8633334e+02  -5.8354175e+01   1.0000000e+00
   2.8666666e+02  -5.8375458e+01   1.0000000e+00
   2.8700000e+02  -5.8412700e+01   1.0000000e+00
   2.8727878e+02  -5.8449009e+01   1.0000000e+00
   2.8733334e+02  -5.8455333e+01   1.0000000e+00
   2.8766666e+02  -5.8489823e+01   1.0000000e+00
   2.8800000e+02  -5.8508491e+01   1.0000000e+00
   2.8833334e+02  -5.8506962e+01   1.0000000e+00
   2.8866666e+02  -5.8502709e+01   1.0000000e+00
   2.8900000e+02  -5.8506375e+01   1.0000000e+00
   2.8933334e+02  -5.8501889e+01   1.0000000e+00
   2.8966666e+02  -5.8485417e+01   1.0000000e+00
   2.9000000e+02  -5.8455084e+01   1.0000000e+00
   2.9003575e+02  -5.8449009e+01   1.0000000e+00
   2.9033334e+02  -5.8399043e+01   1.0000000e+00
   2.9066666e+02  -5.8335928e+01   1.0000000e+00
   2.9095665e+02  -5.8274158e+01   1.0000000e+00
   2.9100000e+02  -5.8264832e+01   1.0000000e+00
   2.9133334e+02  -5.8177092e+01   1.0000000e+00
   2.9162170e+02  -5.8098438e+01   1.0000000e+00
   2.9166666e+02  -5.8085441e+01   1.0000000e+00
   2.9200000e+02  -5.7986169e+01   1.0000000e+00
   2.9219123e+02  -5.7921848e+01   1.0000000e+00
   2.9233334e+02  -5.7870680e+01   1.0000000e+00
   2.9266306e+02  -5.7744385e+01   1.0000000e+00
   2.9266666e+02  -5.7742989e+01   1.0000000e+00
   2.9300000e+02  -5.7613429e+01   1.0000000e+00
   2.9311652e+02  -5.7566048e+01   1.0000000e+00
   2.9333334e+02  -5.7471399e+01   1.0000000e+00
   2.9352894e+02  -5.7386833e+01   1.0000000e+00
   2.9366666e+02  -5.7328592e+01   1.0000000e+00
   2.9392237e+02  -5.7206738e+01   1.0000000e+00
   2.9400000e+02  -5.7170825e+01   1.0000000e+00
   2.9426768e+02  -5.7025761e+01   1.0000000e+00
   2.9433334e+02  -5.6978264e+01   1.0000000e+00
   2.9454816e+02  -5.6843895e+01   1.0000000e+00
   2.9466666e+02  -5.6770327e+01   1.0000000e+00
   2.9484596e+02  -5.6661144e+01   1.0000000e+00
   2.9500000e+02  -5.6563188e+01   1.0000000e+00
   2.9513714e+02  -5.6477505e+01   1.0000000e+00
   2.9533054e+02  -5.6292969e+01   1.0000000e+00
   2.9533334e+02  -5.6290048e+01   1.0000000e+00
   2.9551439e+02  -5.6107536e+01   1.0000000e+00
   2.9564731e+02  -5.5921211e+01   1.0000000e+00
   2.9566666e+02  -5.5866912e+01   1.0000000e+00
   2.9571862e+02  -5.5733982e+01   1.0000000e+00
   2.9576497e+02  -5.5545853e+01   1.0000000e+00
   2.9577224e+02  -5.5356815e+01   1.0000000e+00
   2.9599411e+02  -5.5166874e+01   1.0000000e+00
   2.9600000e+02  -5.5163504e+01   1.0000000e+00
   2.9633334e+02  -5.5159880e+01   1.0000000e+00
   2.9666666e+02  -5.5157171e+01   1.0000000e+00
   2.9698141e+02  -5.4976025e+01   1.0000000e+00
   2.9700000e+02  -5.4965328e+01   1.0000000e+00
   2.9733334e+02  -5.4964026e+01   1.0000000e+00
   2.9766666e+02  -5.4963368e+01   1.0000000e+00
   2.9800000e+02  -5.4963911e+01   1.0000000e+00
   2.9833334e+02  -5.4965828e+01   1.0000000e+00
   2.9866666e+02  -5.4968306e+01   1.0000000e+00
   2.9900000e+02  -5.4970796e+01   1.0000000e+00
   2.9933334e+02  -5.4973556e+01   1.0000000e+00
   2.9933763e+02  -5.4976025e+01   1.0000000e+00
   2.9966666e+02  -5.5163879e+01   1.0000000e+00
   3.0000000e+02  -5.5166821e+01   1.0000000e+00
   3.0000009e+02  -5.5166874e+01   1.0000000e+00
   3.0032517e+02  -5.5356815e+01   1.0000000e+00
   3.0033334e+02  -5.5361382e+01   1.0000000e+00
   3.0064335e+02  -5.5545853e+01   1.0000000e+00
   3.0066666e+02  -5.5554134e+01   1.0000000e+00
   3.0100000e+02  -5.5647522e+01   1.0000000e+00
   3.0133334e+02  -5.5686336e+01   1.0000000e+00
   3.0166666e+02  -5.5690550e+01   1.0000000e+00
   3.0200000e+02  -5.5662661e+01   1.0000000e+00
   3.0233334e+02  -5.5591810e+01   1.0000000e+00
   3.0252066e+02  -5.5545853e+01   1.0000000e+00
   3.0266666e+02  -5.5499534e+01   1.0000000e+00
   3.0300000e+02  -5.5388352e+01   1.0000000e+00
   3.0308057e+02  -5.5356815e+01   1.0000000e+00
   3.0333334e+02  -5.5239746e+01   1.0000000e+00
   3.0348994e+02  -5.5166874e+01   1.0000000e+00
   3.0366666e+02  -5.5164759e+01   1.0000000e+00
   3.0399574e+02  -5.4976025e+01   1.0000000e+00
   3.0400000e+02  -5.4973575e+01   1.0000000e+00
   3.0432621e+02  -5.4784260e+01   1.0000000e+00
   3.0433334e+02  -5.4780137e+01   1.0000000e+00
   3.0466666e+02  -5.4776188e+01   1.0000000e+00
   3.0498270e+02  -5.4591587e+01   1.0000000e+00
   3.0500000e+02  -5.4581540e+01   1.0000000e+00
   3.0530986e+02  -5.4397995e+01   1.0000000e+00
   3.0530901e+02  -5.4203484e+01   1.0000000e+00
   3.0500000e+02  -5.4018592e+01   1.0000000e+00
   3.0466666e+02  -5.4013684e+01   1.0000000e+00
   3.0433334e+02  -5.4008199e+01   1.0000000e+00
   3.0433309e+02  -5.4008053e+01   1.0000000e+00
   3.0429386e+02  -5.3811703e+01   1.0000000e+00
   3.0425509e+02  -5.3614426e+01   1.0000000e+00
   3.0416699e+02  -5.3416225e+01   1.0000000e+00
   3.0403286e+02  -5.3217094e+01   1.0000000e+00
   3.0400000e+02  -5.3157869e+01   1.0000000e+00
   3.0399783e+02  -5.3017033e+01   1.0000000e+00
   3.0400000e+02  -5.3015722e+01   1.0000000e+00
   3.0432057e+02  -5.2816040e+01   1.0000000e+00
   3.0431888e+02  -5.2614117e+01   1.0000000e+00
   3.0433334e+02  -5.2605313e+01   1.0000000e+00
   3.0466666e+02  -5.2600732e+01   1.0000000e+00
   3.0500000e+02  -5.2596696e+01   1.0000000e+00
   3.0529778e+02  -5.2411255e+01   1.0000000e+00
   3.0533334e+02  -5.2389513e+01   1.0000000e+00
   3.0562608e+02  -5.2207455e+01   1.0000000e+00
   3.0566666e+02  -5.2182530e+01   1.0000000e+00
   3.0595528e+02  -5.2002716e+01   1.0000000e+00
   3.0595521e+02  -5.1797039e+01   1.0000000e+00
   3.0600000e+02  -5.1769277e+01   1.0000000e+00
   3.0628480e+02  -5.1590416e+01   1.0000000e+00
   3.0633334e+02  -5.1560188e+01   1.0000000e+00
   3.0661549e+02  -5.1382851e+01   1.0000000e+00
   3.0661648e+02  -5.1174343e+01   1.0000000e+00
   3.0661749e+02  -5.0964882e+01   1.0000000e+00
   3.0666666e+02  -5.0933846e+01   1.0000000e+00
   3.0694983e+02  -5.0754475e+01   1.0000000e+00
   3.0695174e+02  -5.0543118e+01   1.0000000e+00
   3.0700000e+02  -5.0512382e+01   1.0000000e+00
   3.0728610e+02  -5.0330811e+01   1.0000000e+00
   3.0733334e+02  -5.0300589e+01   1.0000000e+00
   3.0762171e+02  -5.0117550e+01   1.0000000e+00
   3.0733334e+02  -4.9928517e+01   1.0000000e+00
   3.0729416e+02  -4.9903336e+01   1.0000000e+00
   3.0700000e+02  -4.9710273e+01   1.0000000e+00
   3.0696575e+02  -4.9688164e+01   1.0000000e+00
   3.0666666e+02  -4.9492344e+01   1.0000000e+00
   3.0663533e+02  -4.9472034e+01   1.0000000e+00
   3.0633334e+02  -4.9274419e+01   1.0000000e+00
   3.0630345e+02  -4.9254951e+01   1.0000000e+00
   3.0600000e+02  -4.9056331e+01   1.0000000e+00
   3.0566666e+02  -4.9058117e+01   1.0000000e+00
   3.0563423e+02  -4.9036907e+01   1.0000000e+00
   3.0533334e+02  -4.8839417e+01   1.0000000e+00
   3.0530060e+02  -4.8817902e+01   1.0000000e+00
   3.0500000e+02  -4.8620643e+01   1.0000000e+00
   3.0466666e+02  -4.8622825e+01   1.0000000e+00
   3.0462894e+02  -4.8597935e+01   1.0000000e+00
   3.0433334e+02  -4.8404148e+01   1.0000000e+00
   3.0400000e+02  -4.8406392e+01   1.0000000e+00
   3.0395566e+02  -4.8377007e+01   1.0000000e+00
   3.0366666e+02  -4.8187343e+01   1.0000000e+00
   3.0333334e+02  -4.8188671e+01   1.0000000e+00
   3.0300000e+02  -4.8189411e+01   1.0000000e+00
   3.0266666e+02  -4.8189070e+01   1.0000000e+00
   3.0233334e+02  -4.8188251e+01   1.0000000e+00
   3.0200000e+02  -4.8186926e+01   1.0000000e+00
   3.0166666e+02  -4.8184462e+01   1.0000000e+00
   3.0162257e+02  -4.8155117e+01   1.0000000e+00
   3.0133334e+02  -4.7961072e+01   1.0000000e+00
   3.0129025e+02  -4.7932262e+01   1.0000000e+00
   3.0128786e+02  -4.7708447e+01   1.0000000e+00
   3.0128556e+02  -4.7483662e+01   1.0000000e+00
   3.0128396e+02  -4.7257912e+01   1.0000000e+00
   3.0128236e+02  -4.7031197e+01   1.0000000e+00
   3.0128140e+02  -4.6803513e+01   1.0000000e+00
   3.0128065e+02  -4.6574860e+01   1.0000000e+00
   3.0128021e+02  -4.6345242e+01   1.0000000e+00
   3.0127991e+02  -4.6114651e+01   1.0000000e+00
   3.0100000e+02  -4.5917988e+01   1.0000000e+00
   3.0094977e+02  -4.5883095e+01   1.0000000e+00
   3.0100000e+02  -4.5848056e+01   1.0000000e+00
   3.0127908e+02  -4.5650570e+01   1.0000000e+00
   3.0127868e+02  -4.5417072e+01   1.0000000e+00
   3.0127834e+02  -4.5182610e+01   1.0000000e+00
   3.0127793e+02  -4.4947174e+01   1.0000000e+00
   3.0100000e+02  -4.4747940e+01   1.0000000e+00
   3.0094759e+02  -4.4710770e+01   1.0000000e+00
   3.0094754e+02  -4.4473396e+01   1.0000000e+00
   3.0094768e+02  -4.4235054e+01   1.0000000e+00
   3.0100000e+02  -4.4197494e+01   1.0000000e+00
   3.0127751e+02  -4.3995739e+01   1.0000000e+00
   3.0127791e+02  -4.3755459e+01   1.0000000e+00
   3.0127810e+02  -4.3514206e+01   1.0000000e+00
   3.0133334e+02  -4.3474063e+01   1.0000000e+00
   3.0160891e+02  -4.3271988e+01   1.0000000e+00
   3.0166666e+02  -4.3229857e+01   1.0000000e+00
   3.0194023e+02  -4.3028801e+01   1.0000000e+00
   3.0200000e+02  -4.2985025e+01   1.0000000e+00
   3.0227384e+02  -4.2784649e+01   1.0000000e+00
   3.0233334e+02  -4.2740890e+01   1.0000000e+00
   3.0260827e+02  -4.2539528e+01   1.0000000e+00
   3.0266666e+02  -4.2496424e+01   1.0000000e+00
   3.0294452e+02  -4.2293442e+01   1.0000000e+00
   3.0300000e+02  -4.2252322e+01   1.0000000e+00
   3.0328287e+02  -4.2046391e+01   1.0000000e+00
   3.0333334e+02  -4.2008840e+01   1.0000000e+00
   3.0362248e+02  -4.1798374e+01   1.0000000e+00
   3.0362279e+02  -4.1549393e+01   1.0000000e+00
   3.0366666e+02  -4.1516497e+01   1.0000000e+00
   3.0396292e+02  -4.1299450e+01   1.0000000e+00
   3.0400000e+02  -4.1271543e+01   1.0000000e+00
   3.0430769e+02  -4.1048546e+01   1.0000000e+00
   3.0430938e+02  -4.0796680e+01   1.0000000e+00
   3.0433334e+02  -4.0778503e+01   1.0000000e+00
   3.0465838e+02  -4.0543858e+01   1.0000000e+00
   3.0466666e+02  -4.0537555e+01   1.0000000e+00
   3.0481930e+02  -4.0543858e+01   1.0000000e+00
   3.0483251e+02  -4.0796680e+01   1.0000000e+00
   3.0483210e+02  -4.1048546e+01   1.0000000e+00
   3.0479551e+02  -4.1299450e+01   1.0000000e+00
   3.0476014e+02  -4.1549393e+01   1.0000000e+00
   3.0472793e+02  -4.1798374e+01   1.0000000e+00
   3.0470330e+02  -4.2046391e+01   1.0000000e+00
   3.0467752e+02  -4.2293442e+01   1.0000000e+00
   3.0466666e+02  -4.2407135e+01   1.0000000e+00
   3.0465347e+02  -4.2539528e+01   1.0000000e+00
   3.0465223e+02  -4.2784649e+01   1.0000000e+00
   3.0466666e+02  -4.2981212e+01   1.0000000e+00
   3.0466967e+02  -4.3028801e+01   1.0000000e+00
   3.0469958e+02  -4.3271988e+01   1.0000000e+00
   3.0472032e+02  -4.3514206e+01   1.0000000e+00
   3.0472702e+02  -4.3755459e+01   1.0000000e+00
   3.0471639e+02  -4.3995739e+01   1.0000000e+00
   3.0470069e+02  -4.4235054e+01   1.0000000e+00
   3.0466969e+02  -4.4473396e+01   1.0000000e+00
   3.0466666e+02  -4.4501989e+01   1.0000000e+00
   3.0464035e+02  -4.4710770e+01   1.0000000e+00
   3.0463069e+02  -4.4947174e+01   1.0000000e+00
   3.0465439e+02  -4.5182610e+01   1.0000000e+00
   3.0466666e+02  -4.5239321e+01   1.0000000e+00
   3.0470669e+02  -4.5417072e+01   1.0000000e+00
   3.0480356e+02  -4.5650570e+01   1.0000000e+00
   3.0491924e+02  -4.5883095e+01   1.0000000e+00
   3.0500000e+02  -4.6074260e+01   1.0000000e+00
   3.0501727e+02  -4.6114651e+01   1.0000000e+00
   3.0509687e+02  -4.6345242e+01   1.0000000e+00
   3.0517136e+02  -4.6574860e+01   1.0000000e+00
   3.0525889e+02  -4.6803513e+01   1.0000000e+00
   3.0533334e+02  -4.6988834e+01   1.0000000e+00
   3.0535164e+02  -4.7031197e+01   1.0000000e+00
   3.0547729e+02  -4.7257912e+01   1.0000000e+00
   3.0564946e+02  -4.7483662e+01   1.0000000e+00
   3.0566666e+02  -4.7502063e+01   1.0000000e+00
   3.0585219e+02  -4.7708447e+01   1.0000000e+00
   3.0600000e+02  -4.7841487e+01   1.0000000e+00
   3.0610767e+02  -4.7932262e+01   1.0000000e+00
   3.0633334e+02  -4.8109293e+01   1.0000000e+00
   3.0639938e+02  -4.8155117e+01   1.0000000e+00
   3.0666666e+02  -4.8331240e+01   1.0000000e+00
   3.0674949e+02  -4.8377007e+01   1.0000000e+00
   3.0700000e+02  -4.8505878e+01   1.0000000e+00
   3.0727360e+02  -4.8597935e+01   1.0000000e+00
   3.0733334e+02  -4.8616625e+01   1.0000000e+00
   3.0766666e+02  -4.8694267e+01   1.0000000e+00
   3.0800000e+02  -4.8748197e+01   1.0000000e+00
   3.0833334e+02  -4.8769430e+01   1.0000000e+00
   3.0866666e+02  -4.8777734e+01   1.0000000e+00
   3.0900000e+02  -4.8781009e+01   1.0000000e+00
   3.0933334e+02  -4.8772674e+01   1.0000000e+00
   3.0966666e+02  -4.8770012e+01   1.0000000e+00
   3.1000000e+02  -4.8774542e+01   1.0000000e+00
   3.1033334e+02  -4.8776289e+01   1.0000000e+00
   3.1066666e+02  -4.8777878e+01   1.0000000e+00
   3.1100000e+02  -4.8771844e+01   1.0000000e+00
   3.1133334e+02  -4.8760150e+01   1.0000000e+00
   3.1166666e+02  -4.8733086e+01   1.0000000e+00
   3.1200000e+02  -4.8698012e+01   1.0000000e+00
   3.1233334e+02  -4.8667711e+01   1.0000000e+00
   3.1266666e+02  -4.8621054e+01   1.0000000e+00
   3.1277351e+02  -4.8597935e+01   1.0000000e+00
   3.1300000e+02  -4.8547737e+01   1.0000000e+00
   3.1333334e+02  -4.8473421e+01   1.0000000e+00
   3.1366666e+02  -4.8423292e+01   1.0000000e+00
   3.1400000e+02  -4.8430754e+01   1.0000000e+00
   3.1433334e+02  -4.8476718e+01   1.0000000e+00
   3.1466666e+02  -4.8531426e+01   1.0000000e+00
   3.1500000e+02  -4.8587519e+01   1.0000000e+00
   3.1509091e+02  -4.8597935e+01   1.0000000e+00
   3.1533334e+02  -4.8630093e+01   1.0000000e+00
   3.1566666e+02  -4.8657814e+01   1.0000000e+00
   3.1600000e+02  -4.8652208e+01   1.0000000e+00
   3.1633334e+02  -4.8604504e+01   1.0000000e+00
   3.1636320e+02  -4.8597935e+01   1.0000000e+00
   3.1666666e+02  -4.8535110e+01   1.0000000e+00
   3.1700000e+02  -4.8451695e+01   1.0000000e+00
   3.1726325e+02  -4.8377007e+01   1.0000000e+00
   3.1733334e+02  -4.8360076e+01   1.0000000e+00
   3.1766666e+02  -4.8277617e+01   1.0000000e+00
   3.1800000e+02  -4.8216529e+01   1.0000000e+00
   3.1833334e+02  -4.8171724e+01   1.0000000e+00
   3.1844654e+02  -4.8155117e+01   1.0000000e+00
   3.1866666e+02  -4.8120008e+01   1.0000000e+00
   3.1900000e+02  -4.8047569e+01   1.0000000e+00
   3.1933334e+02  -4.7966781e+01   1.0000000e+00
   3.1949730e+02  -4.7932262e+01   1.0000000e+00
   3.1966666e+02  -4.7895420e+01   1.0000000e+00
   3.2000000e+02  -4.7829758e+01   1.0000000e+00
   3.2033334e+02  -4.7768054e+01   1.0000000e+00
   3.2062546e+02  -4.7708447e+01   1.0000000e+00
   3.2066666e+02  -4.7699556e+01   1.0000000e+00
   3.2100000e+02  -4.7625208e+01   1.0000000e+00
   3.2133334e+02  -4.7564807e+01   1.0000000e+00
   3.2166666e+02  -4.7535770e+01   1.0000000e+00
   3.2200000e+02  -4.7532666e+01   1.0000000e+00
   3.2233334e+02  -4.7536739e+01   1.0000000e+00
   3.2266666e+02  -4.7534476e+01   1.0000000e+00
   3.2300000e+02  -4.7524271e+01   1.0000000e+00
   3.2333334e+02  -4.7500138e+01   1.0000000e+00
   3.2348039e+02  -4.7483662e+01   1.0000000e+00
   3.2366666e+02  -4.7454234e+01   1.0000000e+00
   3.2400000e+02  -4.7373637e+01   1.0000000e+00
   3.2433334e+02  -4.7260759e+01   1.0000000e+00
   3.2434062e+02  -4.7257912e+01   1.0000000e+00
   3.2466666e+02  -4.7120014e+01   1.0000000e+00
   3.2486278e+02  -4.7031197e+01   1.0000000e+00
   3.2500000e+02  -4.6930361e+01   1.0000000e+00
   3.2518934e+02  -4.6803513e+01   1.0000000e+00
   3.2533334e+02  -4.6683772e+01   1.0000000e+00
   3.2547597e+02  -4.6574860e+01   1.0000000e+00
   3.2565599e+02  -4.6345242e+01   1.0000000e+00
   3.2566666e+02  -4.6328887e+01   1.0000000e+00
   3.2582562e+02  -4.6114651e+01   1.0000000e+00
   3.2600000e+02  -4.5887734e+01   1.0000000e+00
   3.2600400e+02  -4.5883095e+01   1.0000000e+00
   3.2616575e+02  -4.5650570e+01   1.0000000e+00
   3.2633334e+02  -4.5466407e+01   1.0000000e+00
   3.2638199e+02  -4.5417072e+01   1.0000000e+00
   3.2666666e+02  -4.5184166e+01   1.0000000e+00
   3.2666865e+02  -4.5182610e+01   1.0000000e+00
   3.2697475e+02  -4.4947174e+01   1.0000000e+00
   3.2700000e+02  -4.4931540e+01   1.0000000e+00
   3.2733334e+02  -4.4798079e+01   1.0000000e+00
   3.2766666e+02  -4.4782863e+01   1.0000000e+00
   3.2800000e+02  -4.4895539e+01   1.0000000e+00
   3.2807718e+02  -4.4947174e+01   1.0000000e+00
   3.2833334e+02  -4.5157177e+01   1.0000000e+00
   3.2836242e+02  -4.5182610e+01   1.0000000e+00
   3.2866057e+02  -4.5417072e+01   1.0000000e+00
   3.2866666e+02  -4.5420902e+01   1.0000000e+00
   3.2900000e+02  -4.5472644e+01   1.0000000e+00
   3.2933334e+02  -4.5440060e+01   1.0000000e+00
   3.2966666e+02  -4.5437163e+01   1.0000000e+00
   3.3000000e+02  -4.5478679e+01   1.0000000e+00
   3.3033334e+02  -4.5469704e+01   1.0000000e+00
   3.3058563e+02  -4.5417072e+01   1.0000000e+00
   3.3066666e+02  -4.5401104e+01   1.0000000e+00
   3.3100000e+02  -4.5340979e+01   1.0000000e+00
   3.3133334e+02  -4.5320672e+01   1.0000000e+00
   3.3166666e+02  -4.5330704e+01   1.0000000e+00
   3.3200000e+02  -4.5348213e+01   1.0000000e+00
   3.3233334e+02  -4.5375511e+01   1.0000000e+00
   3.3256917e+02  -4.5417072e+01   1.0000000e+00
   3.3266666e+02  -4.5436375e+01   1.0000000e+00
   3.3300000e+02  -4.5515802e+01   1.0000000e+00
   3.3333334e+02  -4.5588585e+01   1.0000000e+00
   3.3366666e+02  -4.5646603e+01   1.0000000e+00
   3.3370298e+02  -4.5650570e+01   1.0000000e+00
   3.3400000e+02  -4.5680418e+01   1.0000000e+00
   3.3433334e+02  -4.5688626e+01   1.0000000e+00
   3.3466666e+02  -4.5671024e+01   1.0000000e+00
   3.3483145e+02  -4.5650570e+01   1.0000000e+00
   3.3500000e+02  -4.5628775e+01   1.0000000e+00
   3.3533334e+02  -4.5580011e+01   1.0000000e+00
   3.3566666e+02  -4.5547689e+01   1.0000000e+00
   3.3600000e+02  -4.5542045e+01   1.0000000e+00
   3.3633334e+02  -4.5549063e+01   1.0000000e+00
   3.3666666e+02  -4.5561958e+01   1.0000000e+00
   3.3700000e+02  -4.5595884e+01   1.0000000e+00
   3.3730035e+02  -4.5650570e+01   1.0000000e+00
   3.3733334e+02  -4.5656386e+01   1.0000000e+00
   3.3766666e+02  -4.5723769e+01   1.0000000e+00
   3.3800000e+02  -4.5800059e+01   1.0000000e+00
   3.3833334e+02  -4.5877804e+01   1.0000000e+00
   3.3836110e+02  -4.5883095e+01   1.0000000e+00
   3.3866666e+02  -4.5945936e+01   1.0000000e+00
   3.3900000e+02  -4.6004534e+01   1.0000000e+00
   3.3933334e+02  -4.6055700e+01   1.0000000e+00
   3.3966666e+02  -4.6104190e+01   1.0000000e+00
   3.3981951e+02  -4.6114651e+01   1.0000000e+00
   3.4000000e+02  -4.6125291e+01   1.0000000e+00
   3.4012361e+02  -4.6114651e+01   1.0000000e+00
   3.4033334e+02  -4.6094470e+01   1.0000000e+00
   3.4066666e+02  -4.6026659e+01   1.0000000e+00
   3.4100000e+02  -4.5945770e+01   1.0000000e+00
   3.4123755e+02  -4.5883095e+01   1.0000000e+00
   3.4133334e+02  -4.5858751e+01   1.0000000e+00
   3.4166666e+02  -4.5782036e+01   1.0000000e+00
   3.4200000e+02  -4.5703654e+01   1.0000000e+00
   3.4223136e+02  -4.5650570e+01   1.0000000e+00
   3.4233334e+02  -4.5629230e+01   1.0000000e+00
   3.4266666e+02  -4.5578105e+01   1.0000000e+00
   3.4300000e+02  -4.5539617e+01   1.0000000e+00
   3.4333334e+02  -4.5502267e+01   1.0000000e+00
   3.4366666e+02  -4.5470136e+01   1.0000000e+00
   3.4400000e+02  -4.5439210e+01   1.0000000e+00
   3.4418069e+02  -4.5417072e+01   1.0000000e+00
   3.4433334e+02  -4.5399954e+01   1.0000000e+00
   3.4466666e+02  -4.5351453e+01   1.0000000e+00
   3.4500000e+02  -4.5309637e+01   1.0000000e+00
   3.4533334e+02  -4.5285892e+01   1.0000000e+00
   3.4566666e+02  -4.5273447e+01   1.0000000e+00
   3.4600000e+02  -4.5267322e+01   1.0000000e+00
   3.4633334e+02  -4.5277797e+01   1.0000000e+00
   3.4666666e+02  -4.5296075e+01   1.0000000e+00
   3.4700000e+02  -4.5314326e+01   1.0000000e+00
   3.4733334e+02  -4.5326988e+01   1.0000000e+00
   3.4766666e+02  -4.5338824e+01   1.0000000e+00
   3.4800000e+02  -4.5359760e+01   1.0000000e+00
   3.4833334e+02  -4.5387532e+01   1.0000000e+00
   3.4866666e+02  -4.5411291e+01   1.0000000e+00
   3.4884619e+02  -4.5417072e+01   1.0000000e+00
   3.4900000e+02  -4.5422085e+01   1.0000000e+00
   3.4923147e+02  -4.5417072e+01   1.0000000e+00
   3.4933334e+02  -4.5414893e+01   1.0000000e+00
   3.4966666e+02  -4.5394828e+01   1.0000000e+00
   3.5000000e+02  -4.5365606e+01   1.0000000e+00
   3.5033334e+02  -4.5331156e+01   1.0000000e+00
   3.5066666e+02  -4.5302431e+01   1.0000000e+00
   3.5100000e+02  -4.5284170e+01   1.0000000e+00
   3.5133334e+02  -4.5270184e+01   1.0000000e+00
   3.5166666e+02  -4.5262008e+01   1.0000000e+00
   3.5200000e+02  -4.5256881e+01   1.0000000e+00
   3.5233334e+02  -4.5237068e+01   1.0000000e+00
   3.5266666e+02  -4.5203119e+01   1.0000000e+00
   3.5283106e+02  -4.5182610e+01   1.0000000e+00
   3.5300000e+02  -4.5163270e+01   1.0000000e+00
   3.5333334e+02  -4.5132379e+01   1.0000000e+00
   3.5366666e+02  -4.5110681e+01   1.0000000e+00
   3.5400000e+02  -4.5086628e+01   1.0000000e+00
   3.5433334e+02  -4.5051498e+01   1.0000000e+00
   3.5466666e+02  -4.5006717e+01   1.0000000e+00
   3.5500000e+02  -4.4952134e+01   1.0000000e+00
   3.5503338e+02  -4.4947174e+01   1.0000000e+00
   3.5533334e+02  -4.4897756e+01   1.0000000e+00
   3.5566666e+02  -4.4857422e+01   1.0000000e+00
   3.5600000e+02  -4.4839289e+01   1.0000000e+00
   3.5633334e+02  -4.4852403e+01   1.0000000e+00
   3.5666666e+02  -4.4882563e+01   1.0000000e+00
   3.5700000e+02  -4.4920581e+01   1.0000000e+00
   3.5716956e+02  -4.4947174e+01   1.0000000e+00
   3.5733334e+02  -4.4976451e+01   1.0000000e+00
   3.5766666e+02  -4.5039225e+01   1.0000000e+00
   3.5800000e+02  -4.5098917e+01   1.0000000e+00
   3.5833334e+02  -4.5166214e+01   1.0000000e+00
   3.5841494e+02  -4.5182610e+01   1.0000000e+00
   3.5866666e+02  -4.5232186e+01   1.0000000e+00
   3.5900000e+02  -4.5294756e+01   1.0000000e+00
   3.5933334e+02  -4.5316361e+01   1.0000000e+00
   3.5966666e+02  -4.5364205e+01   1.0000000e+00
   3.5989737e+02  -4.5417072e+01   1.0000000e+00
   3.6000000e+02  -4.5438446e+01   1.0000000e+00
   3.1833334e+02  -4.3978769e+01   2.0000000e+00
   3.1800000e+02  -4.3961082e+01   2.0000000e+00
   3.1789383e+02  -4.3995739e+01   2.0000000e+00
   3.1800000e+02  -4.4006761e+01   2.0000000e+00
   3.1833334e+02  -4.4003349e+01   2.0000000e+00
   3.1860462e+02  -4.3995739e+01   2.0000000e+00
   3.1833334e+02  -4.3978769e+01   2.0000000e+00
