   1.3779081e+01  -3.0246271e+01   1.0000000e+00
   1.4000000e+01  -3.0443994e+01   1.0000000e+00
   1.4003991e+01  -3.0246271e+01   1.0000000e+00
   2.8807239e+02  -3.0246271e+01   2.0000000e+00
   2.8807418e+02  -3.0533804e+01   2.0000000e+00
   2.8807629e+02  -3.0820488e+01   2.0000000e+00
   2.8807898e+02  -3.1106319e+01   2.0000000e+00
   2.8808154e+02  -3.1391294e+01   2.0000000e+00
   2.8808149e+02  -3.1675406e+01   2.0000000e+00
   2.8807929e+02  -3.1958651e+01   2.0000000e+00
   2.8807550e+02  -3.2241024e+01   2.0000000e+00
   2.8807168e+02  -3.2522522e+01   2.0000000e+00
   2.8806813e+02  -3.2803143e+01   2.0000000e+00
   2.8800000e+02  -3.2860315e+01   2.0000000e+00
   2.8773456e+02  -3.3082878e+01   2.0000000e+00
   2.8773260e+02  -3.3361729e+01   2.0000000e+00
   2.8766666e+02  -3.3416716e+01   2.0000000e+00
   2.8739912e+02  -3.3639690e+01   2.0000000e+00
   2.8739673e+02  -3.3916752e+01   2.0000000e+00
   2.8739530e+02  -3.4192921e+01   2.0000000e+00
   2.8733334e+02  -3.4244085e+01   2.0000000e+00
   2.8706295e+02  -3.4468185e+01   2.0000000e+00
   2.8706188e+02  -3.4742546e+01   2.0000000e+00
   2.8706063e+02  -3.5015999e+01   2.0000000e+00
   2.8700000e+02  -3.5065570e+01   2.0000000e+00
   2.8672462e+02  -3.5288540e+01   2.0000000e+00
   2.8666666e+02  -3.5335771e+01   2.0000000e+00
   2.8638880e+02  -3.5560165e+01   2.0000000e+00
   2.8638846e+02  -3.5830875e+01   2.0000000e+00
   2.8633334e+02  -3.5875484e+01   2.0000000e+00
   2.8605738e+02  -3.6100666e+01   2.0000000e+00
   2.8606022e+02  -3.6369530e+01   2.0000000e+00
   2.8606329e+02  -3.6637470e+01   2.0000000e+00
   2.8600000e+02  -3.6688166e+01   2.0000000e+00
   2.8573476e+02  -3.6904480e+01   2.0000000e+00
   2.8573787e+02  -3.7170559e+01   2.0000000e+00
   2.8574200e+02  -3.7435707e+01   2.0000000e+00
   2.8574612e+02  -3.7699917e+01   2.0000000e+00
   2.8575001e+02  -3.7963188e+01   2.0000000e+00
   2.8575220e+02  -3.8225521e+01   2.0000000e+00
   2.8575371e+02  -3.8486908e+01   2.0000000e+00
   2.8566666e+02  -3.8554925e+01   2.0000000e+00
   2.8542056e+02  -3.8747353e+01   2.0000000e+00
   2.8566666e+02  -3.8938162e+01   2.0000000e+00
   2.8575489e+02  -3.9006851e+01   2.0000000e+00
   2.8566666e+02  -3.9075289e+01   2.0000000e+00
   2.8542198e+02  -3.9265400e+01   2.0000000e+00
   2.8542221e+02  -3.9522999e+01   2.0000000e+00
   2.8542206e+02  -3.9779644e+01   2.0000000e+00
   2.8542186e+02  -4.0035339e+01   2.0000000e+00
   2.8542132e+02  -4.0290077e+01   2.0000000e+00
   2.8533334e+02  -4.0357059e+01   2.0000000e+00
   2.8508858e+02  -4.0543858e+01   2.0000000e+00
   2.8508806e+02  -4.0796680e+01   2.0000000e+00
   2.8508793e+02  -4.1048546e+01   2.0000000e+00
   2.8508757e+02  -4.1299450e+01   2.0000000e+00
   2.8500000e+02  -4.1365110e+01   2.0000000e+00
   2.8475356e+02  -4.1549393e+01   2.0000000e+00
   2.8475241e+02  -4.1798374e+01   2.0000000e+00
   2.8475094e+02  -4.2046391e+01   2.0000000e+00
   2.8474908e+02  -4.2293442e+01   2.0000000e+00
   2.8474719e+02  -4.2539528e+01   2.0000000e+00
   2.8474544e+02  -4.2784649e+01   2.0000000e+00
   2.8474373e+02  -4.3028801e+01   2.0000000e+00
   2.8466666e+02  -4.3085031e+01   2.0000000e+00
   2.8440897e+02  -4.3271988e+01   2.0000000e+00
   2.8440728e+02  -4.3514206e+01   2.0000000e+00
   2.8440550e+02  -4.3755459e+01   2.0000000e+00
   2.8440372e+02  -4.3995739e+01   2.0000000e+00
   2.8440182e+02  -4.4235054e+01   2.0000000e+00
   2.8439980e+02  -4.4473396e+01   2.0000000e+00
   2.8439799e+02  -4.4710770e+01   2.0000000e+00
   2.8439653e+02  -4.4947174e+01   2.0000000e+00
   2.8433334e+02  -4.4991804e+01   2.0000000e+00
   2.8406425e+02  -4.5182610e+01   2.0000000e+00
   2.8406261e+02  -4.5417072e+01   2.0000000e+00
   2.8406032e+02  -4.5650570e+01   2.0000000e+00
   2.8405783e+02  -4.5883095e+01   2.0000000e+00
   2.8405589e+02  -4.6114651e+01   2.0000000e+00
   2.8405447e+02  -4.6345242e+01   2.0000000e+00
   2.8405308e+02  -4.6574860e+01   2.0000000e+00
   2.8405151e+02  -4.6803513e+01   2.0000000e+00
   2.8404984e+02  -4.7031197e+01   2.0000000e+00
   2.8404800e+02  -4.7257912e+01   2.0000000e+00
   2.8404579e+02  -4.7483662e+01   2.0000000e+00
   2.8400000e+02  -4.7514537e+01   2.0000000e+00
   2.8371106e+02  -4.7708447e+01   2.0000000e+00
   2.8366666e+02  -4.7738260e+01   2.0000000e+00
   2.8337643e+02  -4.7932262e+01   2.0000000e+00
   2.8337443e+02  -4.8155117e+01   2.0000000e+00
   2.8337227e+02  -4.8377007e+01   2.0000000e+00
   2.8337101e+02  -4.8597935e+01   2.0000000e+00
   2.8337103e+02  -4.8817902e+01   2.0000000e+00
   2.8337139e+02  -4.9036907e+01   2.0000000e+00
   2.8337222e+02  -4.9254951e+01   2.0000000e+00
   2.8366666e+02  -4.9446994e+01   2.0000000e+00
   2.8370511e+02  -4.9472034e+01   2.0000000e+00
   2.8366666e+02  -4.9496965e+01   2.0000000e+00
   2.8337509e+02  -4.9688164e+01   2.0000000e+00
   2.8333334e+02  -4.9715117e+01   2.0000000e+00
   2.8304317e+02  -4.9903336e+01   2.0000000e+00
   2.8333334e+02  -5.0088058e+01   2.0000000e+00
   2.8337923e+02  -5.0117550e+01   2.0000000e+00
   2.8338082e+02  -5.0330811e+01   2.0000000e+00
   2.8338183e+02  -5.0543118e+01   2.0000000e+00
   2.8338154e+02  -5.0754475e+01   2.0000000e+00
   2.8338121e+02  -5.0964882e+01   2.0000000e+00
   2.8366666e+02  -5.1145937e+01   2.0000000e+00
   2.8371186e+02  -5.1174343e+01   2.0000000e+00
   2.8371077e+02  -5.1382851e+01   2.0000000e+00
   2.8370897e+02  -5.1590416e+01   2.0000000e+00
   2.8370646e+02  -5.1797039e+01   2.0000000e+00
   2.8370354e+02  -5.2002716e+01   2.0000000e+00
   2.8370045e+02  -5.2207455e+01   2.0000000e+00
   2.8400000e+02  -5.2392999e+01   2.0000000e+00
   2.8402986e+02  -5.2411255e+01   2.0000000e+00
   2.8402777e+02  -5.2614117e+01   2.0000000e+00
   2.8402584e+02  -5.2816040e+01   2.0000000e+00
   2.8402363e+02  -5.3017033e+01   2.0000000e+00
   2.8402044e+02  -5.3217094e+01   2.0000000e+00
   2.8433334e+02  -5.3403370e+01   2.0000000e+00
   2.8435486e+02  -5.3416225e+01   2.0000000e+00
   2.8466666e+02  -5.3601752e+01   2.0000000e+00
   2.8500000e+02  -5.3601635e+01   2.0000000e+00
   2.8502151e+02  -5.3614426e+01   2.0000000e+00
   2.8533334e+02  -5.3803387e+01   2.0000000e+00
   2.8534739e+02  -5.3811703e+01   2.0000000e+00
   2.8566666e+02  -5.4004525e+01   2.0000000e+00
   2.8567265e+02  -5.4008053e+01   2.0000000e+00
   2.8566766e+02  -5.4203484e+01   2.0000000e+00
   2.8566666e+02  -5.4204066e+01   2.0000000e+00
   2.8533334e+02  -5.4332156e+01   2.0000000e+00
   2.8500000e+02  -5.4371849e+01   2.0000000e+00
   2.8474072e+02  -5.4397995e+01   2.0000000e+00
   2.8466666e+02  -5.4405646e+01   2.0000000e+00
   2.8433334e+02  -5.4436888e+01   2.0000000e+00
   2.8400000e+02  -5.4425319e+01   2.0000000e+00
   2.8385233e+02  -5.4397995e+01   2.0000000e+00
   2.8366666e+02  -5.4358004e+01   2.0000000e+00
   2.8333334e+02  -5.4271002e+01   2.0000000e+00
   2.8300000e+02  -5.4204814e+01   2.0000000e+00
   2.8295968e+02  -5.4203484e+01   2.0000000e+00
   2.8266666e+02  -5.4196268e+01   2.0000000e+00
   2.8258597e+02  -5.4203484e+01   2.0000000e+00
   2.8233334e+02  -5.4227725e+01   2.0000000e+00
   2.8200000e+02  -5.4253650e+01   2.0000000e+00
   2.8166666e+02  -5.4263310e+01   2.0000000e+00
   2.8133334e+02  -5.4262228e+01   2.0000000e+00
   2.8100000e+02  -5.4249349e+01   2.0000000e+00
   2.8066666e+02  -5.4205854e+01   2.0000000e+00
   2.8065505e+02  -5.4203484e+01   2.0000000e+00
   2.8033334e+02  -5.4102934e+01   2.0000000e+00
   2.8000000e+02  -5.4010792e+01   2.0000000e+00
   2.7966666e+02  -5.4018049e+01   2.0000000e+00
   2.7933334e+02  -5.4058777e+01   2.0000000e+00
   2.7900000e+02  -5.4064817e+01   2.0000000e+00
   2.7866666e+02  -5.4034492e+01   2.0000000e+00
   2.7849850e+02  -5.4008053e+01   2.0000000e+00
   2.7833334e+02  -5.3970880e+01   2.0000000e+00
   2.7800000e+02  -5.3899788e+01   2.0000000e+00
   2.7766666e+02  -5.3873193e+01   2.0000000e+00
   2.7733334e+02  -5.3882380e+01   2.0000000e+00
   2.7700000e+02  -5.3914234e+01   2.0000000e+00
   2.7666666e+02  -5.3957721e+01   2.0000000e+00
   2.7633334e+02  -5.3993024e+01   2.0000000e+00
   2.7616198e+02  -5.4008053e+01   2.0000000e+00
   2.7600000e+02  -5.4021251e+01   2.0000000e+00
   2.7566666e+02  -5.4038897e+01   2.0000000e+00
   2.7533334e+02  -5.4027889e+01   2.0000000e+00
   2.7518933e+02  -5.4008053e+01   2.0000000e+00
   2.7500000e+02  -5.3972127e+01   2.0000000e+00
   2.7466666e+02  -5.3885672e+01   2.0000000e+00
   2.7433334e+02  -5.3839573e+01   2.0000000e+00
   2.7400000e+02  -5.3903274e+01   2.0000000e+00
   2.7380862e+02  -5.4008053e+01   2.0000000e+00
   2.7366666e+02  -5.4117482e+01   2.0000000e+00
   2.7355798e+02  -5.4203484e+01   2.0000000e+00
   2.7342790e+02  -5.4397995e+01   2.0000000e+00
   2.7333334e+02  -5.4561822e+01   2.0000000e+00
   2.7330931e+02  -5.4591587e+01   2.0000000e+00
   2.7308893e+02  -5.4784260e+01   2.0000000e+00
   2.7300000e+02  -5.4858006e+01   2.0000000e+00
   2.7272540e+02  -5.4976025e+01   2.0000000e+00
   2.7266666e+02  -5.4993733e+01   2.0000000e+00
   2.7233334e+02  -5.5098228e+01   2.0000000e+00
   2.7219960e+02  -5.5166874e+01   2.0000000e+00
   2.7200000e+02  -5.5341265e+01   2.0000000e+00
   2.7198241e+02  -5.5356815e+01   2.0000000e+00
   2.7166666e+02  -5.5525841e+01   2.0000000e+00
   2.7159719e+02  -5.5545853e+01   2.0000000e+00
   2.7133334e+02  -5.5581763e+01   2.0000000e+00
   2.7100000e+02  -5.5617687e+01   2.0000000e+00
   2.7066666e+02  -5.5625396e+01   2.0000000e+00
   2.7033334e+02  -5.5625826e+01   2.0000000e+00
   2.7000000e+02  -5.5596227e+01   2.0000000e+00
   2.6984292e+02  -5.5545853e+01   2.0000000e+00
   2.6966666e+02  -5.5495791e+01   2.0000000e+00
   2.6933334e+02  -5.5385901e+01   2.0000000e+00
   2.6921780e+02  -5.5356815e+01   2.0000000e+00
   2.6900000e+02  -5.5317658e+01   2.0000000e+00
   2.6866666e+02  -5.5260779e+01   2.0000000e+00
   2.6833334e+02  -5.5200076e+01   2.0000000e+00
   2.6818590e+02  -5.5166874e+01   2.0000000e+00
   2.6800000e+02  -5.5120679e+01   2.0000000e+00
   2.6766666e+02  -5.5010206e+01   2.0000000e+00
   2.6757237e+02  -5.4976025e+01   2.0000000e+00
   2.6733334e+02  -5.4864546e+01   2.0000000e+00
   2.6707153e+02  -5.4784260e+01   2.0000000e+00
   2.6700000e+02  -5.4763743e+01   2.0000000e+00
   2.6666666e+02  -5.4715147e+01   2.0000000e+00
   2.6633334e+02  -5.4696784e+01   2.0000000e+00
   2.6600000e+02  -5.4685152e+01   2.0000000e+00
   2.6566666e+02  -5.4664353e+01   2.0000000e+00
   2.6533334e+02  -5.4649912e+01   2.0000000e+00
   2.6500000e+02  -5.4640320e+01   2.0000000e+00
   2.6466666e+02  -5.4612434e+01   2.0000000e+00
   2.6455731e+02  -5.4591587e+01   2.0000000e+00
   2.6433334e+02  -5.4547015e+01   2.0000000e+00
   2.6400000e+02  -5.4451812e+01   2.0000000e+00
   2.6381828e+02  -5.4397995e+01   2.0000000e+00
   2.6366666e+02  -5.4348618e+01   2.0000000e+00
   2.6333334e+02  -5.4244015e+01   2.0000000e+00
   2.6320639e+02  -5.4203484e+01   2.0000000e+00
   2.6300000e+02  -5.4139666e+01   2.0000000e+00
   2.6266666e+02  -5.4042417e+01   2.0000000e+00
   2.6253655e+02  -5.4008053e+01   2.0000000e+00
   2.6233334e+02  -5.3930215e+01   2.0000000e+00
   2.6200000e+02  -5.3847745e+01   2.0000000e+00
   2.6170625e+02  -5.3811703e+01   2.0000000e+00
   2.6166666e+02  -5.3806882e+01   2.0000000e+00
   2.6133334e+02  -5.3787208e+01   2.0000000e+00
   2.6100000e+02  -5.3777073e+01   2.0000000e+00
   2.6066666e+02  -5.3764443e+01   2.0000000e+00
   2.6033334e+02  -5.3751071e+01   2.0000000e+00
   2.6000000e+02  -5.3747467e+01   2.0000000e+00
   2.5966666e+02  -5.3752465e+01   2.0000000e+00
   2.5933334e+02  -5.3752906e+01   2.0000000e+00
   2.5900000e+02  -5.3738425e+01   2.0000000e+00
   2.5866666e+02  -5.3696455e+01   2.0000000e+00
   2.5833334e+02  -5.3625082e+01   2.0000000e+00
   2.5827247e+02  -5.3614426e+01   2.0000000e+00
   2.5800000e+02  -5.3567126e+01   2.0000000e+00
   2.5766666e+02  -5.3566822e+01   2.0000000e+00
   2.5736554e+02  -5.3614426e+01   2.0000000e+00
   2.5733334e+02  -5.3620323e+01   2.0000000e+00
   2.5700000e+02  -5.3702498e+01   2.0000000e+00
   2.5666666e+02  -5.3780358e+01   2.0000000e+00
   2.5651962e+02  -5.3811703e+01   2.0000000e+00
   2.5633334e+02  -5.3861698e+01   2.0000000e+00
   2.5600000e+02  -5.3932813e+01   2.0000000e+00
   2.5566667e+02  -5.3970281e+01   2.0000000e+00
   2.5533333e+02  -5.3998959e+01   2.0000000e+00
   2.5500267e+02  -5.4008053e+01   2.0000000e+00
   2.5500000e+02  -5.4008103e+01   2.0000000e+00
   2.5499245e+02  -5.4008053e+01   2.0000000e+00
   2.5466667e+02  -5.4005222e+01   2.0000000e+00
   2.5433333e+02  -5.4006992e+01   2.0000000e+00
   2.5400000e+02  -5.4004635e+01   2.0000000e+00
   2.5366667e+02  -5.3979412e+01   2.0000000e+00
   2.5333333e+02  -5.3939153e+01   2.0000000e+00
   2.5300000e+02  -5.3924058e+01   2.0000000e+00
   2.5266667e+02  -5.3958063e+01   2.0000000e+00
   2.5239480e+02  -5.4008053e+01   2.0000000e+00
   2.5233333e+02  -5.4018737e+01   2.0000000e+00
   2.5200000e+02  -5.4063229e+01   2.0000000e+00
   2.5166667e+02  -5.4088278e+01   2.0000000e+00
   2.5133333e+02  -5.4111007e+01   2.0000000e+00
   2.5100000e+02  -5.4127016e+01   2.0000000e+00
   2.5066667e+02  -5.4113283e+01   2.0000000e+00
   2.5033333e+02  -5.4079295e+01   2.0000000e+00
   2.5000000e+02  -5.4050259e+01   2.0000000e+00
   2.4966667e+02  -5.4027886e+01   2.0000000e+00
   2.4943701e+02  -5.4008053e+01   2.0000000e+00
   2.4933333e+02  -5.3995903e+01   2.0000000e+00
   2.4900000e+02  -5.3978623e+01   2.0000000e+00
   2.4876281e+02  -5.4008053e+01   2.0000000e+00
   2.4866667e+02  -5.4017399e+01   2.0000000e+00
   2.4833333e+02  -5.4069869e+01   2.0000000e+00
   2.4800000e+02  -5.4076917e+01   2.0000000e+00
   2.4766667e+02  -5.4038764e+01   2.0000000e+00
   2.4748628e+02  -5.4008053e+01   2.0000000e+00
   2.4733333e+02  -5.3979284e+01   2.0000000e+00
   2.4700000e+02  -5.3871706e+01   2.0000000e+00
   2.4689323e+02  -5.3811703e+01   2.0000000e+00
   2.4666667e+02  -5.3697780e+01   2.0000000e+00
   2.4652554e+02  -5.3614426e+01   2.0000000e+00
   2.4633333e+02  -5.3488894e+01   2.0000000e+00
   2.4622561e+02  -5.3416225e+01   2.0000000e+00
   2.4601063e+02  -5.3217094e+01   2.0000000e+00
   2.4600000e+02  -5.3205823e+01   2.0000000e+00
   2.4582509e+02  -5.3017033e+01   2.0000000e+00
   2.4573872e+02  -5.2816040e+01   2.0000000e+00
   2.4568737e+02  -5.2614117e+01   2.0000000e+00
   2.4568477e+02  -5.2411255e+01   2.0000000e+00
   2.4572559e+02  -5.2207455e+01   2.0000000e+00
   2.4575759e+02  -5.2002716e+01   2.0000000e+00
   2.4586666e+02  -5.1797039e+01   2.0000000e+00
   2.4599978e+02  -5.1590416e+01   2.0000000e+00
   2.4600000e+02  -5.1590182e+01   2.0000000e+00
   2.4628777e+02  -5.1382851e+01   2.0000000e+00
   2.4633333e+02  -5.1356835e+01   2.0000000e+00
   2.4662152e+02  -5.1174343e+01   2.0000000e+00
   2.4666667e+02  -5.1121028e+01   2.0000000e+00
   2.4677875e+02  -5.0964882e+01   2.0000000e+00
   2.4682688e+02  -5.0754475e+01   2.0000000e+00
   2.4689333e+02  -5.0543118e+01   2.0000000e+00
   2.4700000e+02  -5.0394806e+01   2.0000000e+00
   2.4707479e+02  -5.0330811e+01   2.0000000e+00
   2.4733333e+02  -5.0207498e+01   2.0000000e+00
   2.4752938e+02  -5.0117550e+01   2.0000000e+00
   2.4766667e+02  -5.0042579e+01   2.0000000e+00
   2.4783078e+02  -4.9903336e+01   2.0000000e+00
   2.4797219e+02  -4.9688164e+01   2.0000000e+00
   2.4800000e+02  -4.9630164e+01   2.0000000e+00
   2.4808262e+02  -4.9472034e+01   2.0000000e+00
   2.4811246e+02  -4.9254951e+01   2.0000000e+00
   2.4815015e+02  -4.9036907e+01   2.0000000e+00
   2.4807927e+02  -4.8817902e+01   2.0000000e+00
   2.4800000e+02  -4.8629772e+01   2.0000000e+00
   2.4798775e+02  -4.8597935e+01   2.0000000e+00
   2.4780804e+02  -4.8377007e+01   2.0000000e+00
   2.4766667e+02  -4.8262721e+01   2.0000000e+00
   2.4750018e+02  -4.8155117e+01   2.0000000e+00
   2.4733333e+02  -4.8068967e+01   2.0000000e+00
   2.4700986e+02  -4.7932262e+01   2.0000000e+00
   2.4700000e+02  -4.7928268e+01   2.0000000e+00
   2.4666667e+02  -4.7806807e+01   2.0000000e+00
   2.4637222e+02  -4.7708447e+01   2.0000000e+00
   2.4633333e+02  -4.7694248e+01   2.0000000e+00
   2.4600000e+02  -4.7593399e+01   2.0000000e+00
   2.4566667e+02  -4.7537841e+01   2.0000000e+00
   2.4533333e+02  -4.7508998e+01   2.0000000e+00
   2.4502121e+02  -4.7483662e+01   2.0000000e+00
   2.4500000e+02  -4.7482235e+01   2.0000000e+00
   2.4466667e+02  -4.7451603e+01   2.0000000e+00
   2.4433333e+02  -4.7408852e+01   2.0000000e+00
   2.4400000e+02  -4.7388907e+01   2.0000000e+00
   2.4366667e+02  -4.7411863e+01   2.0000000e+00
   2.4333333e+02  -4.7448062e+01   2.0000000e+00
   2.4310825e+02  -4.7483662e+01   2.0000000e+00
   2.4300000e+02  -4.7500672e+01   2.0000000e+00
   2.4266667e+02  -4.7578648e+01   2.0000000e+00
   2.4233333e+02  -4.7653464e+01   2.0000000e+00
   2.4213046e+02  -4.7708447e+01   2.0000000e+00
   2.4200000e+02  -4.7740101e+01   2.0000000e+00
   2.4166667e+02  -4.7858737e+01   2.0000000e+00
   2.4150268e+02  -4.7932262e+01   2.0000000e+00
   2.4133333e+02  -4.8020981e+01   2.0000000e+00
   2.4108539e+02  -4.8155117e+01   2.0000000e+00
   2.4100000e+02  -4.8205026e+01   2.0000000e+00
   2.4069447e+02  -4.8377007e+01   2.0000000e+00
   2.4066667e+02  -4.8396310e+01   2.0000000e+00
   2.4040917e+02  -4.8597935e+01   2.0000000e+00
   2.4033333e+02  -4.8679560e+01   2.0000000e+00
   2.4021887e+02  -4.8817902e+01   2.0000000e+00
   2.4002411e+02  -4.9036907e+01   2.0000000e+00
   2.4000000e+02  -4.9063659e+01   2.0000000e+00
   2.3983682e+02  -4.9254951e+01   2.0000000e+00
   2.3966667e+02  -4.9434025e+01   2.0000000e+00
   2.3963047e+02  -4.9472034e+01   2.0000000e+00
   2.3942873e+02  -4.9688164e+01   2.0000000e+00
   2.3933333e+02  -4.9784918e+01   2.0000000e+00
   2.3922891e+02  -4.9903336e+01   2.0000000e+00
   2.3905914e+02  -5.0117550e+01   2.0000000e+00
   2.3900000e+02  -5.0210435e+01   2.0000000e+00
   2.3892975e+02  -5.0330811e+01   2.0000000e+00
   2.3884394e+02  -5.0543118e+01   2.0000000e+00
   2.3880796e+02  -5.0754475e+01   2.0000000e+00
   2.3880317e+02  -5.0964882e+01   2.0000000e+00
   2.3881814e+02  -5.1174343e+01   2.0000000e+00
   2.3880882e+02  -5.1382851e+01   2.0000000e+00
   2.3874203e+02  -5.1590416e+01   2.0000000e+00
   2.3866667e+02  -5.1712394e+01   2.0000000e+00
   2.3856978e+02  -5.1797039e+01   2.0000000e+00
   2.3836062e+02  -5.2002716e+01   2.0000000e+00
   2.3833333e+02  -5.2034687e+01   2.0000000e+00
   2.3818067e+02  -5.2207455e+01   2.0000000e+00
   2.3806921e+02  -5.2411255e+01   2.0000000e+00
   2.3800000e+02  -5.2479176e+01   2.0000000e+00
   2.3785828e+02  -5.2614117e+01   2.0000000e+00
   2.3766667e+02  -5.2726791e+01   2.0000000e+00
   2.3751472e+02  -5.2816040e+01   2.0000000e+00
   2.3733333e+02  -5.2915903e+01   2.0000000e+00
   2.3721317e+02  -5.3017033e+01   2.0000000e+00
   2.3700000e+02  -5.3169692e+01   2.0000000e+00
   2.3693563e+02  -5.3217094e+01   2.0000000e+00
   2.3666667e+02  -5.3382005e+01   2.0000000e+00
   2.3659991e+02  -5.3416225e+01   2.0000000e+00
   2.3633333e+02  -5.3525353e+01   2.0000000e+00
   2.3606878e+02  -5.3614426e+01   2.0000000e+00
   2.3600000e+02  -5.3634613e+01   2.0000000e+00
   2.3566667e+02  -5.3725891e+01   2.0000000e+00
   2.3536846e+02  -5.3811703e+01   2.0000000e+00
   2.3533333e+02  -5.3822110e+01   2.0000000e+00
   2.3500000e+02  -5.3889950e+01   2.0000000e+00
   2.3466667e+02  -5.3907683e+01   2.0000000e+00
   2.3433333e+02  -5.3887883e+01   2.0000000e+00
   2.3400000e+02  -5.3843574e+01   2.0000000e+00
   2.3378241e+02  -5.3811703e+01   2.0000000e+00
   2.3366667e+02  -5.3794445e+01   2.0000000e+00
   2.3333333e+02  -5.3768944e+01   2.0000000e+00
   2.3300000e+02  -5.3789853e+01   2.0000000e+00
   2.3290256e+02  -5.3811703e+01   2.0000000e+00
   2.3266667e+02  -5.3881365e+01   2.0000000e+00
   2.3233333e+02  -5.3970243e+01   2.0000000e+00
   2.3200000e+02  -5.3973778e+01   2.0000000e+00
   2.3166667e+02  -5.3933805e+01   2.0000000e+00
   2.3133333e+02  -5.3886204e+01   2.0000000e+00
   2.3100000e+02  -5.3831055e+01   2.0000000e+00
   2.3091534e+02  -5.3811703e+01   2.0000000e+00
   2.3066667e+02  -5.3758157e+01   2.0000000e+00
   2.3033333e+02  -5.3664403e+01   2.0000000e+00
   2.3017848e+02  -5.3614426e+01   2.0000000e+00
   2.3000000e+02  -5.3553293e+01   2.0000000e+00
   2.2966667e+02  -5.3448761e+01   2.0000000e+00
   2.2951156e+02  -5.3416225e+01   2.0000000e+00
   2.2933333e+02  -5.3378418e+01   2.0000000e+00
   2.2900000e+02  -5.3330730e+01   2.0000000e+00
   2.2866667e+02  -5.3275852e+01   2.0000000e+00
   2.2838714e+02  -5.3217094e+01   2.0000000e+00
   2.2833333e+02  -5.3206633e+01   2.0000000e+00
   2.2800000e+02  -5.3133209e+01   2.0000000e+00
   2.2766667e+02  -5.3064926e+01   2.0000000e+00
   2.2733333e+02  -5.3019211e+01   2.0000000e+00
   2.2731158e+02  -5.3017033e+01   2.0000000e+00
   2.2700000e+02  -5.2989001e+01   2.0000000e+00
   2.2666667e+02  -5.2951043e+01   2.0000000e+00
   2.2633333e+02  -5.2897115e+01   2.0000000e+00
   2.2600000e+02  -5.2830078e+01   2.0000000e+00
   2.2593580e+02  -5.2816040e+01   2.0000000e+00
   2.2566667e+02  -5.2755773e+01   2.0000000e+00
   2.2533333e+02  -5.2684362e+01   2.0000000e+00
   2.2500068e+02  -5.2614117e+01   2.0000000e+00
   2.2500000e+02  -5.2613959e+01   2.0000000e+00
   2.2466667e+02  -5.2521958e+01   2.0000000e+00
   2.2433333e+02  -5.2417972e+01   2.0000000e+00
   2.2431067e+02  -5.2411255e+01   2.0000000e+00
   2.2400000e+02  -5.2308397e+01   2.0000000e+00
   2.2369908e+02  -5.2207455e+01   2.0000000e+00
   2.2366667e+02  -5.2195821e+01   2.0000000e+00
   2.2333333e+02  -5.2092513e+01   2.0000000e+00
   2.2300000e+02  -5.2033731e+01   2.0000000e+00
   2.2266667e+02  -5.2008804e+01   2.0000000e+00
   2.2261628e+02  -5.2002716e+01   2.0000000e+00
   2.2233333e+02  -5.1966644e+01   2.0000000e+00
   2.2200000e+02  -5.1900178e+01   2.0000000e+00
   2.2166667e+02  -5.1836907e+01   2.0000000e+00
   2.2143719e+02  -5.1797039e+01   2.0000000e+00
   2.2133333e+02  -5.1780425e+01   2.0000000e+00
   2.2100000e+02  -5.1722765e+01   2.0000000e+00
   2.2066667e+02  -5.1670111e+01   2.0000000e+00
   2.2033333e+02  -5.1619439e+01   2.0000000e+00
   2.2019181e+02  -5.1590416e+01   2.0000000e+00
   2.2000000e+02  -5.1546306e+01   2.0000000e+00
   2.1966667e+02  -5.1444447e+01   2.0000000e+00
   2.1948424e+02  -5.1382851e+01   2.0000000e+00
   2.1933333e+02  -5.1328767e+01   2.0000000e+00
   2.1900000e+02  -5.1225135e+01   2.0000000e+00
   2.1866952e+02  -5.1174343e+01   2.0000000e+00
   2.1866667e+02  -5.1173962e+01   2.0000000e+00
   2.1865937e+02  -5.1174343e+01   2.0000000e+00
   2.1833333e+02  -5.1192526e+01   2.0000000e+00
   2.1800000e+02  -5.1255968e+01   2.0000000e+00
   2.1766667e+02  -5.1335764e+01   2.0000000e+00
   2.1747376e+02  -5.1382851e+01   2.0000000e+00
   2.1733333e+02  -5.1416810e+01   2.0000000e+00
   2.1700000e+02  -5.1500805e+01   2.0000000e+00
   2.1666667e+02  -5.1582322e+01   2.0000000e+00
   2.1661381e+02  -5.1590416e+01   2.0000000e+00
   2.1633333e+02  -5.1634999e+01   2.0000000e+00
   2.1600000e+02  -5.1637079e+01   2.0000000e+00
   2.1566667e+02  -5.1600307e+01   2.0000000e+00
   2.1556502e+02  -5.1590416e+01   2.0000000e+00
   2.1533333e+02  -5.1569374e+01   2.0000000e+00
   2.1500000e+02  -5.1575837e+01   2.0000000e+00
   2.1481717e+02  -5.1590416e+01   2.0000000e+00
   2.1466667e+02  -5.1600277e+01   2.0000000e+00
   2.1433333e+02  -5.1614320e+01   2.0000000e+00
   2.1400000e+02  -5.1616059e+01   2.0000000e+00
   2.1366667e+02  -5.1615144e+01   2.0000000e+00
   2.1333333e+02  -5.1623617e+01   2.0000000e+00
   2.1300000e+02  -5.1650322e+01   2.0000000e+00
   2.1266667e+02  -5.1689011e+01   2.0000000e+00
   2.1233333e+02  -5.1717170e+01   2.0000000e+00
   2.1200000e+02  -5.1738361e+01   2.0000000e+00
   2.1166667e+02  -5.1760934e+01   2.0000000e+00
   2.1133333e+02  -5.1785683e+01   2.0000000e+00
   2.1121807e+02  -5.1797039e+01   2.0000000e+00
   2.1100000e+02  -5.1819391e+01   2.0000000e+00
   2.1066667e+02  -5.1860322e+01   2.0000000e+00
   2.1033333e+02  -5.1905905e+01   2.0000000e+00
   2.1000000e+02  -5.1937135e+01   2.0000000e+00
   2.0966667e+02  -5.1920672e+01   2.0000000e+00
   2.0933333e+02  -5.1880072e+01   2.0000000e+00
   2.0900000e+02  -5.1851020e+01   2.0000000e+00
   2.0866667e+02  -5.1828170e+01   2.0000000e+00
   2.0834149e+02  -5.1797039e+01   2.0000000e+00
   2.0833333e+02  -5.1796176e+01   2.0000000e+00
   2.0800000e+02  -5.1747416e+01   2.0000000e+00
   2.0766667e+02  -5.1701553e+01   2.0000000e+00
   2.0733333e+02  -5.1678179e+01   2.0000000e+00
   2.0700000e+02  -5.1680395e+01   2.0000000e+00
   2.0666667e+02  -5.1697111e+01   2.0000000e+00
   2.0633333e+02  -5.1717193e+01   2.0000000e+00
   2.0600000e+02  -5.1744002e+01   2.0000000e+00
   2.0566667e+02  -5.1789006e+01   2.0000000e+00
   2.0562152e+02  -5.1797039e+01   2.0000000e+00
   2.0533333e+02  -5.1853214e+01   2.0000000e+00
   2.0500000e+02  -5.1930843e+01   2.0000000e+00
   2.0474322e+02  -5.2002716e+01   2.0000000e+00
   2.0466667e+02  -5.2022211e+01   2.0000000e+00
   2.0433333e+02  -5.2083426e+01   2.0000000e+00
   2.0400000e+02  -5.2116447e+01   2.0000000e+00
   2.0366667e+02  -5.2130768e+01   2.0000000e+00
   2.0333333e+02  -5.2131755e+01   2.0000000e+00
   2.0300000e+02  -5.2136739e+01   2.0000000e+00
   2.0266667e+02  -5.2149151e+01   2.0000000e+00
   2.0233333e+02  -5.2151273e+01   2.0000000e+00
   2.0200000e+02  -5.2137992e+01   2.0000000e+00
   2.0166667e+02  -5.2129259e+01   2.0000000e+00
   2.0133333e+02  -5.2143952e+01   2.0000000e+00
   2.0100000e+02  -5.2179575e+01   2.0000000e+00
   2.0080324e+02  -5.2207455e+01   2.0000000e+00
   2.0066667e+02  -5.2227602e+01   2.0000000e+00
   2.0033333e+02  -5.2285087e+01   2.0000000e+00
   2.0000000e+02  -5.2343963e+01   2.0000000e+00
   1.9966667e+02  -5.2402269e+01   2.0000000e+00
   1.9961182e+02  -5.2411255e+01   2.0000000e+00
   1.9933333e+02  -5.2460024e+01   2.0000000e+00
   1.9900000e+02  -5.2511518e+01   2.0000000e+00
   1.9866667e+02  -5.2549678e+01   2.0000000e+00
   1.9833333e+02  -5.2578604e+01   2.0000000e+00
   1.9800000e+02  -5.2603371e+01   2.0000000e+00
   1.9766667e+02  -5.2605987e+01   2.0000000e+00
   1.9733333e+02  -5.2573228e+01   2.0000000e+00
   1.9700000e+02  -5.2526511e+01   2.0000000e+00
   1.9666667e+02  -5.2484119e+01   2.0000000e+00
   1.9633333e+02  -5.2448846e+01   2.0000000e+00
   1.9606118e+02  -5.2411255e+01   2.0000000e+00
   1.9600000e+02  -5.2401687e+01   2.0000000e+00
   1.9566667e+02  -5.2358705e+01   2.0000000e+00
   1.9533333e+02  -5.2349365e+01   2.0000000e+00
   1.9500000e+02  -5.2357562e+01   2.0000000e+00
   1.9466667e+02  -5.2344906e+01   2.0000000e+00
   1.9433333e+02  -5.2331795e+01   2.0000000e+00
   1.9400000e+02  -5.2307199e+01   2.0000000e+00
   1.9366667e+02  -5.2296839e+01   2.0000000e+00
   1.9333333e+02  -5.2330794e+01   2.0000000e+00
   1.9300000e+02  -5.2376979e+01   2.0000000e+00
   1.9266667e+02  -5.2406203e+01   2.0000000e+00
   1.9233333e+02  -5.2385234e+01   2.0000000e+00
   1.9200000e+02  -5.2313106e+01   2.0000000e+00
   1.9166667e+02  -5.2270933e+01   2.0000000e+00
   1.9133333e+02  -5.2297430e+01   2.0000000e+00
   1.9102052e+02  -5.2411255e+01   2.0000000e+00
   1.9100000e+02  -5.2419017e+01   2.0000000e+00
   1.9066667e+02  -5.2610640e+01   2.0000000e+00
   1.9066104e+02  -5.2614117e+01   2.0000000e+00
   1.9033333e+02  -5.2793092e+01   2.0000000e+00
   1.9029296e+02  -5.2816040e+01   2.0000000e+00
   1.9000000e+02  -5.2980849e+01   2.0000000e+00
   1.8993633e+02  -5.3017033e+01   2.0000000e+00
   1.8966667e+02  -5.3151399e+01   2.0000000e+00
   1.8951925e+02  -5.3217094e+01   2.0000000e+00
   1.8933333e+02  -5.3296027e+01   2.0000000e+00
   1.8900826e+02  -5.3416225e+01   2.0000000e+00
   1.8900000e+02  -5.3419112e+01   2.0000000e+00
   1.8866667e+02  -5.3525341e+01   2.0000000e+00
   1.8839036e+02  -5.3614426e+01   2.0000000e+00
   1.8833333e+02  -5.3631141e+01   2.0000000e+00
   1.8800000e+02  -5.3728163e+01   2.0000000e+00
   1.8770508e+02  -5.3811703e+01   2.0000000e+00
   1.8766667e+02  -5.3823194e+01   2.0000000e+00
   1.8733333e+02  -5.3913489e+01   2.0000000e+00
   1.8700000e+02  -5.3997663e+01   2.0000000e+00
   1.8694130e+02  -5.4008053e+01   2.0000000e+00
   1.8666667e+02  -5.4055372e+01   2.0000000e+00
   1.8633333e+02  -5.4086949e+01   2.0000000e+00
   1.8600000e+02  -5.4103840e+01   2.0000000e+00
   1.8566667e+02  -5.4109209e+01   2.0000000e+00
   1.8533333e+02  -5.4125530e+01   2.0000000e+00
   1.8500000e+02  -5.4180311e+01   2.0000000e+00
   1.8487485e+02  -5.4203484e+01   2.0000000e+00
   1.8466667e+02  -5.4236131e+01   2.0000000e+00
   1.8433333e+02  -5.4286142e+01   2.0000000e+00
   1.8400000e+02  -5.4319173e+01   2.0000000e+00
   1.8366667e+02  -5.4309937e+01   2.0000000e+00
   1.8333333e+02  -5.4258297e+01   2.0000000e+00
   1.8316586e+02  -5.4203484e+01   2.0000000e+00
   1.8300000e+02  -5.4142010e+01   2.0000000e+00
   1.8276194e+02  -5.4008053e+01   2.0000000e+00
   1.8266667e+02  -5.3928906e+01   2.0000000e+00
   1.8254758e+02  -5.3811703e+01   2.0000000e+00
   1.8237331e+02  -5.3614426e+01   2.0000000e+00
   1.8233333e+02  -5.3559519e+01   2.0000000e+00
   1.8223645e+02  -5.3416225e+01   2.0000000e+00
   1.8213983e+02  -5.3217094e+01   2.0000000e+00
   1.8208110e+02  -5.3017033e+01   2.0000000e+00
   1.8210060e+02  -5.2816040e+01   2.0000000e+00
   1.8210729e+02  -5.2614117e+01   2.0000000e+00
   1.8210916e+02  -5.2411255e+01   2.0000000e+00
   1.8214782e+02  -5.2207455e+01   2.0000000e+00
   1.8222367e+02  -5.2002716e+01   2.0000000e+00
   1.8233333e+02  -5.1797090e+01   2.0000000e+00
   1.8233336e+02  -5.1797039e+01   2.0000000e+00
   1.8245109e+02  -5.1590416e+01   2.0000000e+00
   1.8254462e+02  -5.1382851e+01   2.0000000e+00
   1.8260648e+02  -5.1174343e+01   2.0000000e+00
   1.8263090e+02  -5.0964882e+01   2.0000000e+00
   1.8261379e+02  -5.0754475e+01   2.0000000e+00
   1.8259312e+02  -5.0543118e+01   2.0000000e+00
   1.8255920e+02  -5.0330811e+01   2.0000000e+00
   1.8251543e+02  -5.0117550e+01   2.0000000e+00
   1.8244424e+02  -4.9903336e+01   2.0000000e+00
   1.8234561e+02  -4.9688164e+01   2.0000000e+00
   1.8233333e+02  -4.9663880e+01   2.0000000e+00
   1.8222681e+02  -4.9472034e+01   2.0000000e+00
   1.8208852e+02  -4.9254951e+01   2.0000000e+00
   1.8200058e+02  -4.9036907e+01   2.0000000e+00
   1.8200000e+02  -4.9035223e+01   2.0000000e+00
   1.8191123e+02  -4.8817902e+01   2.0000000e+00
   1.8181402e+02  -4.8597935e+01   2.0000000e+00
   1.8166667e+02  -4.8409532e+01   2.0000000e+00
   1.8163139e+02  -4.8377007e+01   2.0000000e+00
   1.8133333e+02  -4.8176704e+01   2.0000000e+00
   1.8132755e+02  -4.8377007e+01   2.0000000e+00
   1.8100000e+02  -4.8586078e+01   2.0000000e+00
   1.8098211e+02  -4.8597935e+01   2.0000000e+00
   1.8097742e+02  -4.8817902e+01   2.0000000e+00
   1.8097364e+02  -4.9036907e+01   2.0000000e+00
   1.8066667e+02  -4.9231916e+01   2.0000000e+00
   1.8063146e+02  -4.9254951e+01   2.0000000e+00
   1.8033333e+02  -4.9443425e+01   2.0000000e+00
   1.8028940e+02  -4.9472034e+01   2.0000000e+00
   1.8000000e+02  -4.9655398e+01   2.0000000e+00
   1.7966667e+02  -4.9654311e+01   2.0000000e+00
   1.7961446e+02  -4.9688164e+01   2.0000000e+00
   1.7933333e+02  -4.9867685e+01   2.0000000e+00
   1.7900000e+02  -4.9867849e+01   2.0000000e+00
   1.7866667e+02  -4.9869626e+01   2.0000000e+00
   1.7861445e+02  -4.9903336e+01   2.0000000e+00
   1.7833333e+02  -5.0084749e+01   2.0000000e+00
   1.7800000e+02  -5.0087828e+01   2.0000000e+00
   1.7795375e+02  -5.0117550e+01   2.0000000e+00
   1.7766667e+02  -5.0303675e+01   2.0000000e+00
   1.7733333e+02  -5.0308195e+01   2.0000000e+00
   1.7700000e+02  -5.0312408e+01   2.0000000e+00
   1.7666667e+02  -5.0315743e+01   2.0000000e+00
   1.7633333e+02  -5.0319213e+01   2.0000000e+00
   1.7631520e+02  -5.0330811e+01   2.0000000e+00
   1.7600000e+02  -5.0533476e+01   2.0000000e+00
   1.7598486e+02  -5.0543118e+01   2.0000000e+00
   1.7598268e+02  -5.0754475e+01   2.0000000e+00
   1.7598039e+02  -5.0964882e+01   2.0000000e+00
   1.7566667e+02  -5.1164406e+01   2.0000000e+00
   1.7565086e+02  -5.1174343e+01   2.0000000e+00
   1.7564829e+02  -5.1382851e+01   2.0000000e+00
   1.7533333e+02  -5.1581747e+01   2.0000000e+00
   1.7531941e+02  -5.1590416e+01   2.0000000e+00
   1.7531811e+02  -5.1797039e+01   2.0000000e+00
   1.7500000e+02  -5.1996174e+01   2.0000000e+00
   1.7498940e+02  -5.2002716e+01   2.0000000e+00
   1.7466667e+02  -5.2202944e+01   2.0000000e+00
   1.7465933e+02  -5.2207455e+01   2.0000000e+00
   1.7465768e+02  -5.2411255e+01   2.0000000e+00
   1.7433333e+02  -5.2610104e+01   2.0000000e+00
   1.7432673e+02  -5.2614117e+01   2.0000000e+00
   1.7432444e+02  -5.2816040e+01   2.0000000e+00
   1.7432202e+02  -5.3017033e+01   2.0000000e+00
   1.7400000e+02  -5.3210042e+01   2.0000000e+00
   1.7398825e+02  -5.3217094e+01   2.0000000e+00
   1.7366667e+02  -5.3408549e+01   2.0000000e+00
   1.7365382e+02  -5.3416225e+01   2.0000000e+00
   1.7333333e+02  -5.3605814e+01   2.0000000e+00
   1.7331885e+02  -5.3614426e+01   2.0000000e+00
   1.7300000e+02  -5.3802620e+01   2.0000000e+00
   1.7266667e+02  -5.3802856e+01   2.0000000e+00
   1.7265172e+02  -5.3811703e+01   2.0000000e+00
   1.7233333e+02  -5.3998707e+01   2.0000000e+00
   1.7231746e+02  -5.4008053e+01   2.0000000e+00
   1.7200000e+02  -5.4193506e+01   2.0000000e+00
   1.7166667e+02  -5.4193311e+01   2.0000000e+00
   1.7133333e+02  -5.4192862e+01   2.0000000e+00
   1.7131521e+02  -5.4203484e+01   2.0000000e+00
   1.7100000e+02  -5.4385904e+01   2.0000000e+00
   1.7097928e+02  -5.4397995e+01   2.0000000e+00
   1.7066667e+02  -5.4577160e+01   2.0000000e+00
   1.7064183e+02  -5.4591587e+01   2.0000000e+00
   1.7033333e+02  -5.4767001e+01   2.0000000e+00
   1.7000000e+02  -5.4765206e+01   2.0000000e+00
   1.6996704e+02  -5.4784260e+01   2.0000000e+00
   1.6996513e+02  -5.4976025e+01   2.0000000e+00
   1.6966667e+02  -5.5143350e+01   2.0000000e+00
   1.6933333e+02  -5.5140527e+01   2.0000000e+00
   1.6900000e+02  -5.5137543e+01   2.0000000e+00
   1.6894877e+02  -5.5166874e+01   2.0000000e+00
   1.6866667e+02  -5.5323015e+01   2.0000000e+00
   1.6860735e+02  -5.5356815e+01   2.0000000e+00
   1.6833333e+02  -5.5507306e+01   2.0000000e+00
   1.6800000e+02  -5.5503439e+01   2.0000000e+00
   1.6774488e+02  -5.5356815e+01   2.0000000e+00
   1.6766667e+02  -5.5312249e+01   2.0000000e+00
   1.6733333e+02  -5.5308974e+01   2.0000000e+00
   1.6700000e+02  -5.5305958e+01   2.0000000e+00
   1.6666667e+02  -5.5303056e+01   2.0000000e+00
   1.6657233e+02  -5.5356815e+01   2.0000000e+00
   1.6633333e+02  -5.5487557e+01   2.0000000e+00
   1.6623054e+02  -5.5545853e+01   2.0000000e+00
   1.6600000e+02  -5.5671024e+01   2.0000000e+00
   1.6578013e+02  -5.5545853e+01   2.0000000e+00
   1.6566667e+02  -5.5481507e+01   2.0000000e+00
   1.6544833e+02  -5.5356815e+01   2.0000000e+00
   1.6566667e+02  -5.5227553e+01   2.0000000e+00
   1.6577316e+02  -5.5166874e+01   2.0000000e+00
   1.6576968e+02  -5.4976025e+01   2.0000000e+00
   1.6566667e+02  -5.4916762e+01   2.0000000e+00
   1.6533333e+02  -5.4914056e+01   2.0000000e+00
   1.6510701e+02  -5.4784260e+01   2.0000000e+00
   1.6500000e+02  -5.4722408e+01   2.0000000e+00
   1.6466667e+02  -5.4720152e+01   2.0000000e+00
   1.6444301e+02  -5.4591587e+01   2.0000000e+00
   1.6443762e+02  -5.4397995e+01   2.0000000e+00
   1.6443177e+02  -5.4203484e+01   2.0000000e+00
   1.6466667e+02  -5.4060045e+01   2.0000000e+00
   1.6475535e+02  -5.4008053e+01   2.0000000e+00
   1.6474895e+02  -5.3811703e+01   2.0000000e+00
   1.6474175e+02  -5.3614426e+01   2.0000000e+00
   1.6500000e+02  -5.3453871e+01   2.0000000e+00
   1.6506331e+02  -5.3416225e+01   2.0000000e+00
   1.6505451e+02  -5.3217094e+01   2.0000000e+00
   1.6504558e+02  -5.3017033e+01   2.0000000e+00
   1.6500000e+02  -5.2989546e+01   2.0000000e+00
   1.6470719e+02  -5.2816040e+01   2.0000000e+00
   1.6500000e+02  -5.2631337e+01   2.0000000e+00
   1.6502843e+02  -5.2614117e+01   2.0000000e+00
   1.6501953e+02  -5.2411255e+01   2.0000000e+00
   1.6500976e+02  -5.2207455e+01   2.0000000e+00
   1.6500000e+02  -5.2023214e+01   2.0000000e+00
   1.6484453e+02  -5.2002716e+01   2.0000000e+00
   1.6466667e+02  -5.1977883e+01   2.0000000e+00
   1.6433333e+02  -5.1928290e+01   2.0000000e+00
   1.6400000e+02  -5.1873489e+01   2.0000000e+00
   1.6366667e+02  -5.1826671e+01   2.0000000e+00
   1.6342470e+02  -5.1797039e+01   2.0000000e+00
   1.6333333e+02  -5.1785448e+01   2.0000000e+00
   1.6300000e+02  -5.1717720e+01   2.0000000e+00
   1.6266667e+02  -5.1634369e+01   2.0000000e+00
   1.6242475e+02  -5.1590416e+01   2.0000000e+00
   1.6233333e+02  -5.1573258e+01   2.0000000e+00
   1.6200000e+02  -5.1534237e+01   2.0000000e+00
   1.6166667e+02  -5.1530210e+01   2.0000000e+00
   1.6133333e+02  -5.1534877e+01   2.0000000e+00
   1.6100000e+02  -5.1532312e+01   2.0000000e+00
   1.6066667e+02  -5.1499251e+01   2.0000000e+00
   1.6033333e+02  -5.1456160e+01   2.0000000e+00
   1.6000000e+02  -5.1438685e+01   2.0000000e+00
   1.5966667e+02  -5.1461644e+01   2.0000000e+00
   1.5933333e+02  -5.1506248e+01   2.0000000e+00
   1.5900000e+02  -5.1569667e+01   2.0000000e+00
   1.5890762e+02  -5.1590416e+01   2.0000000e+00
   1.5866667e+02  -5.1648310e+01   2.0000000e+00
   1.5833333e+02  -5.1716441e+01   2.0000000e+00
   1.5800000e+02  -5.1762602e+01   2.0000000e+00
   1.5770076e+02  -5.1797039e+01   2.0000000e+00
   1.5766667e+02  -5.1800711e+01   2.0000000e+00
   1.5733333e+02  -5.1838454e+01   2.0000000e+00
   1.5700000e+02  -5.1865369e+01   2.0000000e+00
   1.5666667e+02  -5.1880639e+01   2.0000000e+00
   1.5633333e+02  -5.1914711e+01   2.0000000e+00
   1.5600000e+02  -5.1958458e+01   2.0000000e+00
   1.5566667e+02  -5.1984728e+01   2.0000000e+00
   1.5537218e+02  -5.2002716e+01   2.0000000e+00
   1.5533333e+02  -5.2004672e+01   2.0000000e+00
   1.5500000e+02  -5.2021799e+01   2.0000000e+00
   1.5466667e+02  -5.2023376e+01   2.0000000e+00
   1.5438707e+02  -5.2002716e+01   2.0000000e+00
   1.5433333e+02  -5.1998168e+01   2.0000000e+00
   1.5400000e+02  -5.1957112e+01   2.0000000e+00
   1.5366667e+02  -5.1928856e+01   2.0000000e+00
   1.5333333e+02  -5.1913353e+01   2.0000000e+00
   1.5300000e+02  -5.1861929e+01   2.0000000e+00
   1.5281092e+02  -5.1797039e+01   2.0000000e+00
   1.5266667e+02  -5.1744026e+01   2.0000000e+00
   1.5233333e+02  -5.1626981e+01   2.0000000e+00
   1.5219817e+02  -5.1590416e+01   2.0000000e+00
   1.5200000e+02  -5.1538111e+01   2.0000000e+00
   1.5166667e+02  -5.1458841e+01   2.0000000e+00
   1.5133413e+02  -5.1382851e+01   2.0000000e+00
   1.5133333e+02  -5.1382680e+01   2.0000000e+00
   1.5100000e+02  -5.1311668e+01   2.0000000e+00
   1.5066667e+02  -5.1270408e+01   2.0000000e+00
   1.5033333e+02  -5.1265461e+01   2.0000000e+00
   1.5000000e+02  -5.1279430e+01   2.0000000e+00
   1.4966667e+02  -5.1321539e+01   2.0000000e+00
   1.4933333e+02  -5.1377556e+01   2.0000000e+00
   1.4926432e+02  -5.1382851e+01   2.0000000e+00
   1.4900000e+02  -5.1399303e+01   2.0000000e+00
   1.4871719e+02  -5.1382851e+01   2.0000000e+00
   1.4866667e+02  -5.1379676e+01   2.0000000e+00
   1.4833333e+02  -5.1317045e+01   2.0000000e+00
   1.4800000e+02  -5.1218772e+01   2.0000000e+00
   1.4785207e+02  -5.1174343e+01   2.0000000e+00
   1.4766667e+02  -5.1121992e+01   2.0000000e+00
   1.4733333e+02  -5.1041747e+01   2.0000000e+00
   1.4701445e+02  -5.0964882e+01   2.0000000e+00
   1.4700000e+02  -5.0960681e+01   2.0000000e+00
   1.4666667e+02  -5.0877381e+01   2.0000000e+00
   1.4633333e+02  -5.0845570e+01   2.0000000e+00
   1.4600000e+02  -5.0858245e+01   2.0000000e+00
   1.4566667e+02  -5.0881430e+01   2.0000000e+00
   1.4533333e+02  -5.0904360e+01   2.0000000e+00
   1.4500000e+02  -5.0923644e+01   2.0000000e+00
   1.4466667e+02  -5.0932352e+01   2.0000000e+00
   1.4433333e+02  -5.0928662e+01   2.0000000e+00
   1.4400000e+02  -5.0906865e+01   2.0000000e+00
   1.4366667e+02  -5.0860846e+01   2.0000000e+00
   1.4333333e+02  -5.0796656e+01   2.0000000e+00
   1.4315147e+02  -5.0754475e+01   2.0000000e+00
   1.4300000e+02  -5.0720110e+01   2.0000000e+00
   1.4266667e+02  -5.0646327e+01   2.0000000e+00
   1.4233333e+02  -5.0584605e+01   2.0000000e+00
   1.4210938e+02  -5.0543118e+01   2.0000000e+00
   1.4200000e+02  -5.0518389e+01   2.0000000e+00
   1.4166667e+02  -5.0425243e+01   2.0000000e+00
   1.4136872e+02  -5.0330811e+01   2.0000000e+00
   1.4133333e+02  -5.0318443e+01   2.0000000e+00
   1.4100000e+02  -5.0207306e+01   2.0000000e+00
   1.4070791e+02  -5.0117550e+01   2.0000000e+00
   1.4066667e+02  -5.0103300e+01   2.0000000e+00
   1.4033333e+02  -4.9993334e+01   2.0000000e+00
   1.4006754e+02  -4.9903336e+01   2.0000000e+00
   1.4000000e+02  -4.9876929e+01   2.0000000e+00
   1.3966667e+02  -4.9749671e+01   2.0000000e+00
   1.3950010e+02  -4.9688164e+01   2.0000000e+00
   1.3933333e+02  -4.9623016e+01   2.0000000e+00
   1.3900000e+02  -4.9487482e+01   2.0000000e+00
   1.3896319e+02  -4.9472034e+01   2.0000000e+00
   1.3866667e+02  -4.9319700e+01   2.0000000e+00
   1.3852928e+02  -4.9254951e+01   2.0000000e+00
   1.3833333e+02  -4.9162767e+01   2.0000000e+00
   1.3803283e+02  -4.9036907e+01   2.0000000e+00
   1.3800000e+02  -4.9020331e+01   2.0000000e+00
   1.3766667e+02  -4.8868503e+01   2.0000000e+00
   1.3753680e+02  -4.8817902e+01   2.0000000e+00
   1.3733333e+02  -4.8729586e+01   2.0000000e+00
   1.3700000e+02  -4.8635508e+01   2.0000000e+00
   1.3670170e+02  -4.8597935e+01   2.0000000e+00
   1.3666667e+02  -4.8592709e+01   2.0000000e+00
   1.3633333e+02  -4.8549805e+01   2.0000000e+00
   1.3600000e+02  -4.8507577e+01   2.0000000e+00
   1.3566667e+02  -4.8489264e+01   2.0000000e+00
   1.3533333e+02  -4.8489585e+01   2.0000000e+00
   1.3500000e+02  -4.8521680e+01   2.0000000e+00
   1.3466667e+02  -4.8590206e+01   2.0000000e+00
   1.3463556e+02  -4.8597935e+01   2.0000000e+00
   1.3433333e+02  -4.8662731e+01   2.0000000e+00
   1.3400000e+02  -4.8742085e+01   2.0000000e+00
   1.3367892e+02  -4.8817902e+01   2.0000000e+00
   1.3366667e+02  -4.8820917e+01   2.0000000e+00
   1.3333333e+02  -4.8887498e+01   2.0000000e+00
   1.3300000e+02  -4.8944548e+01   2.0000000e+00
   1.3266667e+02  -4.9000781e+01   2.0000000e+00
   1.3244368e+02  -4.9036907e+01   2.0000000e+00
   1.3233333e+02  -4.9053964e+01   2.0000000e+00
   1.3200000e+02  -4.9119734e+01   2.0000000e+00
   1.3166667e+02  -4.9189934e+01   2.0000000e+00
   1.3133333e+02  -4.9230638e+01   2.0000000e+00
   1.3100000e+02  -4.9243478e+01   2.0000000e+00
   1.3079726e+02  -4.9254951e+01   2.0000000e+00
   1.3066667e+02  -4.9263260e+01   2.0000000e+00
   1.3033333e+02  -4.9306411e+01   2.0000000e+00
   1.3000000e+02  -4.9337781e+01   2.0000000e+00
   1.2966667e+02  -4.9348978e+01   2.0000000e+00
   1.2933333e+02  -4.9363707e+01   2.0000000e+00
   1.2900000e+02  -4.9373725e+01   2.0000000e+00
   1.2866667e+02  -4.9353996e+01   2.0000000e+00
   1.2833333e+02  -4.9307389e+01   2.0000000e+00
   1.2801251e+02  -4.9254951e+01   2.0000000e+00
   1.2800000e+02  -4.9253245e+01   2.0000000e+00
   1.2766666e+02  -4.9231318e+01   2.0000000e+00
   1.2733334e+02  -4.9245233e+01   2.0000000e+00
   1.2721122e+02  -4.9254951e+01   2.0000000e+00
   1.2700000e+02  -4.9274967e+01   2.0000000e+00
   1.2666666e+02  -4.9293481e+01   2.0000000e+00
   1.2633334e+02  -4.9314793e+01   2.0000000e+00
   1.2600000e+02  -4.9345158e+01   2.0000000e+00
   1.2566666e+02  -4.9378048e+01   2.0000000e+00
   1.2533334e+02  -4.9411363e+01   2.0000000e+00
   1.2500000e+02  -4.9434839e+01   2.0000000e+00
   1.2466666e+02  -4.9442408e+01   2.0000000e+00
   1.2433334e+02  -4.9425000e+01   2.0000000e+00
   1.2400000e+02  -4.9330557e+01   2.0000000e+00
   1.2385485e+02  -4.9254951e+01   2.0000000e+00
   1.2366666e+02  -4.9149777e+01   2.0000000e+00
   1.2344534e+02  -4.9036907e+01   2.0000000e+00
   1.2333334e+02  -4.8984560e+01   2.0000000e+00
   1.2300000e+02  -4.8854888e+01   2.0000000e+00
   1.2292164e+02  -4.8817902e+01   2.0000000e+00
   1.2266666e+02  -4.8698188e+01   2.0000000e+00
   1.2250569e+02  -4.8597935e+01   2.0000000e+00
   1.2233334e+02  -4.8494140e+01   2.0000000e+00
   1.2214988e+02  -4.8377007e+01   2.0000000e+00
   1.2200000e+02  -4.8295642e+01   2.0000000e+00
   1.2169849e+02  -4.8155117e+01   2.0000000e+00
   1.2166666e+02  -4.8142059e+01   2.0000000e+00
   1.2133334e+02  -4.8011561e+01   2.0000000e+00
   1.2111777e+02  -4.7932262e+01   2.0000000e+00
   1.2100000e+02  -4.7889798e+01   2.0000000e+00
   1.2066666e+02  -4.7811823e+01   2.0000000e+00
   1.2033334e+02  -4.7754817e+01   2.0000000e+00
   1.2000000e+02  -4.7714035e+01   2.0000000e+00
   1.1992664e+02  -4.7708447e+01   2.0000000e+00
   1.1966666e+02  -4.7690252e+01   2.0000000e+00
   1.1933334e+02  -4.7657588e+01   2.0000000e+00
   1.1900000e+02  -4.7614243e+01   2.0000000e+00
   1.1866666e+02  -4.7585766e+01   2.0000000e+00
   1.1833334e+02  -4.7561939e+01   2.0000000e+00
   1.1800000e+02  -4.7536045e+01   2.0000000e+00
   1.1766666e+02  -4.7504422e+01   2.0000000e+00
   1.1749556e+02  -4.7483662e+01   2.0000000e+00
   1.1733334e+02  -4.7459846e+01   2.0000000e+00
   1.1700000e+02  -4.7413641e+01   2.0000000e+00
   1.1666666e+02  -4.7381060e+01   2.0000000e+00
   1.1633334e+02  -4.7357067e+01   2.0000000e+00
   1.1600000e+02  -4.7337308e+01   2.0000000e+00
   1.1566666e+02  -4.7312698e+01   2.0000000e+00
   1.1533334e+02  -4.7301891e+01   2.0000000e+00
   1.1500000e+02  -4.7315974e+01   2.0000000e+00
   1.1466666e+02  -4.7346095e+01   2.0000000e+00
   1.1433334e+02  -4.7381877e+01   2.0000000e+00
   1.1400000e+02  -4.7412552e+01   2.0000000e+00
   1.1366666e+02  -4.7418459e+01   2.0000000e+00
   1.1333334e+02  -4.7419893e+01   2.0000000e+00
   1.1300000e+02  -4.7421626e+01   2.0000000e+00
   1.1266666e+02  -4.7402529e+01   2.0000000e+00
   1.1233334e+02  -4.7361647e+01   2.0000000e+00
   1.1200000e+02  -4.7312916e+01   2.0000000e+00
   1.1166666e+02  -4.7260297e+01   2.0000000e+00
   1.1164914e+02  -4.7257912e+01   2.0000000e+00
   1.1133334e+02  -4.7214325e+01   2.0000000e+00
   1.1100000e+02  -4.7173480e+01   2.0000000e+00
   1.1066666e+02  -4.7124092e+01   2.0000000e+00
   1.1033334e+02  -4.7065279e+01   2.0000000e+00
   1.1014735e+02  -4.7031197e+01   2.0000000e+00
   1.1000000e+02  -4.7000352e+01   2.0000000e+00
   1.0966666e+02  -4.6936117e+01   2.0000000e+00
   1.0933334e+02  -4.6868417e+01   2.0000000e+00
   1.0906202e+02  -4.6803513e+01   2.0000000e+00
   1.0900000e+02  -4.6788980e+01   2.0000000e+00
   1.0866666e+02  -4.6702816e+01   2.0000000e+00
   1.0833334e+02  -4.6617039e+01   2.0000000e+00
   1.0816434e+02  -4.6574860e+01   2.0000000e+00
   1.0800000e+02  -4.6533220e+01   2.0000000e+00
   1.0766666e+02  -4.6460513e+01   2.0000000e+00
   1.0733334e+02  -4.6408611e+01   2.0000000e+00
   1.0700000e+02  -4.6372711e+01   2.0000000e+00
   1.0666666e+02  -4.6345699e+01   2.0000000e+00
   1.0665800e+02  -4.6345242e+01   2.0000000e+00
   1.0633334e+02  -4.6329519e+01   2.0000000e+00
   1.0600000e+02  -4.6313882e+01   2.0000000e+00
   1.0566666e+02  -4.6287099e+01   2.0000000e+00
   1.0533334e+02  -4.6251072e+01   2.0000000e+00
   1.0500000e+02  -4.6216753e+01   2.0000000e+00
   1.0466666e+02  -4.6189319e+01   2.0000000e+00
   1.0433334e+02  -4.6165485e+01   2.0000000e+00
   1.0400000e+02  -4.6131851e+01   2.0000000e+00
   1.0388881e+02  -4.6114651e+01   2.0000000e+00
   1.0366666e+02  -4.6073687e+01   2.0000000e+00
   1.0333334e+02  -4.5983525e+01   2.0000000e+00
   1.0305296e+02  -4.5883095e+01   2.0000000e+00
   1.0300000e+02  -4.5857783e+01   2.0000000e+00
   1.0266666e+02  -4.5666890e+01   2.0000000e+00
   1.0263993e+02  -4.5650570e+01   2.0000000e+00
   1.0234525e+02  -4.5417072e+01   2.0000000e+00
   1.0233334e+02  -4.5406180e+01   2.0000000e+00
   1.0200000e+02  -4.5186159e+01   2.0000000e+00
   1.0199208e+02  -4.5182610e+01   2.0000000e+00
   1.0166666e+02  -4.5068630e+01   2.0000000e+00
   1.0133334e+02  -4.4981016e+01   2.0000000e+00
   1.0119280e+02  -4.4947174e+01   2.0000000e+00
   1.0100000e+02  -4.4904602e+01   2.0000000e+00
   1.0066666e+02  -4.4828158e+01   2.0000000e+00
   1.0033334e+02  -4.4749979e+01   2.0000000e+00
   1.0012019e+02  -4.4710770e+01   2.0000000e+00
   1.0000000e+02  -4.4689642e+01   2.0000000e+00
   9.9666664e+01  -4.4646596e+01   2.0000000e+00
   9.9333336e+01  -4.4594334e+01   2.0000000e+00
   9.9000000e+01  -4.4521184e+01   2.0000000e+00
   9.8810661e+01  -4.4473396e+01   2.0000000e+00
   9.8666664e+01  -4.4435091e+01   2.0000000e+00
   9.8333336e+01  -4.4344885e+01   2.0000000e+00
   9.8000000e+01  -4.4275468e+01   2.0000000e+00
   9.7666708e+01  -4.4235054e+01   2.0000000e+00
   9.7666664e+01  -4.4235049e+01   2.0000000e+00
   9.7333336e+01  -4.4210097e+01   2.0000000e+00
   9.7000000e+01  -4.4194815e+01   2.0000000e+00
   9.6666664e+01  -4.4182075e+01   2.0000000e+00
   9.6333336e+01  -4.4156384e+01   2.0000000e+00
   9.6000000e+01  -4.4114111e+01   2.0000000e+00
   9.5666664e+01  -4.4074388e+01   2.0000000e+00
   9.5333336e+01  -4.4037593e+01   2.0000000e+00
   9.5000000e+01  -4.4003721e+01   2.0000000e+00
   9.4829785e+01  -4.3995739e+01   2.0000000e+00
   9.4666664e+01  -4.3988271e+01   2.0000000e+00
   9.4383713e+01  -4.3995739e+01   2.0000000e+00
   9.4333336e+01  -4.3997372e+01   2.0000000e+00
   9.4000000e+01  -4.4035532e+01   2.0000000e+00
   9.3666664e+01  -4.4099621e+01   2.0000000e+00
   9.3333336e+01  -4.4160073e+01   2.0000000e+00
   9.3000000e+01  -4.4220035e+01   2.0000000e+00
   9.2934755e+01  -4.4235054e+01   2.0000000e+00
   9.2666664e+01  -4.4291069e+01   2.0000000e+00
   9.2333336e+01  -4.4381170e+01   2.0000000e+00
   9.2040123e+01  -4.4473396e+01   2.0000000e+00
   9.2000000e+01  -4.4488101e+01   2.0000000e+00
   9.1666664e+01  -4.4620355e+01   2.0000000e+00
   9.1384838e+01  -4.4710770e+01   2.0000000e+00
   9.1333336e+01  -4.4726731e+01   2.0000000e+00
   9.1000000e+01  -4.4795254e+01   2.0000000e+00
   9.0666664e+01  -4.4849650e+01   2.0000000e+00
   9.0333336e+01  -4.4873051e+01   2.0000000e+00
   9.0000000e+01  -4.4832397e+01   2.0000000e+00
   8.9666664e+01  -4.4740495e+01   2.0000000e+00
   8.9531120e+01  -4.4710770e+01   2.0000000e+00
   8.9333336e+01  -4.4677516e+01   2.0000000e+00
   8.9000000e+01  -4.4657103e+01   2.0000000e+00
   8.8666664e+01  -4.4636995e+01   2.0000000e+00
   8.8333336e+01  -4.4621906e+01   2.0000000e+00
   8.8000000e+01  -4.4625288e+01   2.0000000e+00
   8.7666664e+01  -4.4624382e+01   2.0000000e+00
   8.7333336e+01  -4.4593383e+01   2.0000000e+00
   8.7000000e+01  -4.4539012e+01   2.0000000e+00
   8.6666664e+01  -4.4495510e+01   2.0000000e+00
   8.6429539e+01  -4.4473396e+01   2.0000000e+00
   8.6333336e+01  -4.4463612e+01   2.0000000e+00
   8.6000000e+01  -4.4386466e+01   2.0000000e+00
   8.5666664e+01  -4.4277195e+01   2.0000000e+00
   8.5512543e+01  -4.4235054e+01   2.0000000e+00
   8.5333336e+01  -4.4195117e+01   2.0000000e+00
   8.5000000e+01  -4.4131122e+01   2.0000000e+00
   8.4666664e+01  -4.4053888e+01   2.0000000e+00
   8.4442573e+01  -4.3995739e+01   2.0000000e+00
   8.4333336e+01  -4.3970304e+01   2.0000000e+00
   8.4000000e+01  -4.3934926e+01   2.0000000e+00
   8.3666664e+01  -4.3931221e+01   2.0000000e+00
   8.3333336e+01  -4.3921560e+01   2.0000000e+00
   8.3000000e+01  -4.3922125e+01   2.0000000e+00
   8.2666664e+01  -4.3954957e+01   2.0000000e+00
   8.2333336e+01  -4.3983031e+01   2.0000000e+00
   8.2000000e+01  -4.3983005e+01   2.0000000e+00
   8.1666664e+01  -4.3975041e+01   2.0000000e+00
   8.1333336e+01  -4.3974557e+01   2.0000000e+00
   8.1000000e+01  -4.3988427e+01   2.0000000e+00
   8.0932389e+01  -4.3995739e+01   2.0000000e+00
   8.0666664e+01  -4.4026311e+01   2.0000000e+00
   8.0333336e+01  -4.4102147e+01   2.0000000e+00
   8.0000000e+01  -4.4214428e+01   2.0000000e+00
   7.9947527e+01  -4.4235054e+01   2.0000000e+00
   7.9666664e+01  -4.4318522e+01   2.0000000e+00
   7.9333336e+01  -4.4402276e+01   2.0000000e+00
   7.9056380e+01  -4.4473396e+01   2.0000000e+00
   7.9000000e+01  -4.4486440e+01   2.0000000e+00
   7.8666664e+01  -4.4570549e+01   2.0000000e+00
   7.8333336e+01  -4.4647783e+01   2.0000000e+00
   7.8105951e+01  -4.4710770e+01   2.0000000e+00
   7.8000000e+01  -4.4737717e+01   2.0000000e+00
   7.7666664e+01  -4.4840104e+01   2.0000000e+00
   7.7333336e+01  -4.4938234e+01   2.0000000e+00
   7.7304438e+01  -4.4947174e+01   2.0000000e+00
   7.7000000e+01  -4.5035969e+01   2.0000000e+00
   7.6666664e+01  -4.5122161e+01   2.0000000e+00
   7.6333336e+01  -4.5178083e+01   2.0000000e+00
   7.6267145e+01  -4.5182610e+01   2.0000000e+00
   7.6000000e+01  -4.5199581e+01   2.0000000e+00
   7.5666664e+01  -4.5200710e+01   2.0000000e+00
   7.5333336e+01  -4.5196629e+01   2.0000000e+00
   7.5000000e+01  -4.5186658e+01   2.0000000e+00
   7.4903237e+01  -4.5182610e+01   2.0000000e+00
   7.4666664e+01  -4.5172769e+01   2.0000000e+00
   7.4333336e+01  -4.5165923e+01   2.0000000e+00
   7.4000000e+01  -4.5159318e+01   2.0000000e+00
   7.3666664e+01  -4.5134039e+01   2.0000000e+00
   7.3333336e+01  -4.5085281e+01   2.0000000e+00
   7.3000000e+01  -4.5019427e+01   2.0000000e+00
   7.2715016e+01  -4.4947174e+01   2.0000000e+00
   7.2666664e+01  -4.4933418e+01   2.0000000e+00
   7.2333336e+01  -4.4843833e+01   2.0000000e+00
   7.2000000e+01  -4.4761871e+01   2.0000000e+00
   7.1808189e+01  -4.4710770e+01   2.0000000e+00
   7.1666664e+01  -4.4669088e+01   2.0000000e+00
   7.1333336e+01  -4.4567048e+01   2.0000000e+00
   7.1040090e+01  -4.4473396e+01   2.0000000e+00
   7.1000000e+01  -4.4460160e+01   2.0000000e+00
   7.0666664e+01  -4.4333931e+01   2.0000000e+00
   7.0420173e+01  -4.4235054e+01   2.0000000e+00
   7.0333336e+01  -4.4201425e+01   2.0000000e+00
   7.0000000e+01  -4.4069737e+01   2.0000000e+00
   6.9786035e+01  -4.3995739e+01   2.0000000e+00
   6.9666664e+01  -4.3958242e+01   2.0000000e+00
   6.9333336e+01  -4.3845769e+01   2.0000000e+00
   6.9128207e+01  -4.3755459e+01   2.0000000e+00
   6.9000000e+01  -4.3702070e+01   2.0000000e+00
   6.8666664e+01  -4.3575294e+01   2.0000000e+00
   6.8455885e+01  -4.3514206e+01   2.0000000e+00
   6.8333336e+01  -4.3476674e+01   2.0000000e+00
   6.8000000e+01  -4.3407291e+01   2.0000000e+00
   6.7666664e+01  -4.3362475e+01   2.0000000e+00
   6.7333336e+01  -4.3324511e+01   2.0000000e+00
   6.7000000e+01  -4.3292837e+01   2.0000000e+00
   6.6666664e+01  -4.3297726e+01   2.0000000e+00
   6.6333336e+01  -4.3335210e+01   2.0000000e+00
   6.6000000e+01  -4.3407259e+01   2.0000000e+00
   6.5715123e+01  -4.3514206e+01   2.0000000e+00
   6.5666664e+01  -4.3532637e+01   2.0000000e+00
   6.5333336e+01  -4.3675016e+01   2.0000000e+00
   6.5133816e+01  -4.3755459e+01   2.0000000e+00
   6.5000000e+01  -4.3808804e+01   2.0000000e+00
   6.4666664e+01  -4.3954586e+01   2.0000000e+00
   6.4579527e+01  -4.3995739e+01   2.0000000e+00
   6.4333336e+01  -4.4110829e+01   2.0000000e+00
   6.4035176e+01  -4.4235054e+01   2.0000000e+00
   6.4000000e+01  -4.4251375e+01   2.0000000e+00
   6.3666668e+01  -4.4387433e+01   2.0000000e+00
   6.3414093e+01  -4.4473396e+01   2.0000000e+00
   6.3333332e+01  -4.4506153e+01   2.0000000e+00
   6.3000000e+01  -4.4637979e+01   2.0000000e+00
   6.2784850e+01  -4.4710770e+01   2.0000000e+00
   6.2666668e+01  -4.4751069e+01   2.0000000e+00
   6.2333332e+01  -4.4845168e+01   2.0000000e+00
   6.2000000e+01  -4.4928644e+01   2.0000000e+00
   6.1910988e+01  -4.4947174e+01   2.0000000e+00
   6.1666668e+01  -4.4999360e+01   2.0000000e+00
   6.1333332e+01  -4.5079280e+01   2.0000000e+00
   6.1000000e+01  -4.5178582e+01   2.0000000e+00
   6.0985021e+01  -4.5182610e+01   2.0000000e+00
   6.0666668e+01  -4.5263711e+01   2.0000000e+00
   6.0333332e+01  -4.5334696e+01   2.0000000e+00
   6.0000000e+01  -4.5388644e+01   2.0000000e+00
   5.9666668e+01  -4.5411753e+01   2.0000000e+00
   5.9353228e+01  -4.5417072e+01   2.0000000e+00
   5.9333332e+01  -4.5417418e+01   2.0000000e+00
   5.9328648e+01  -4.5417072e+01   2.0000000e+00
   5.9000000e+01  -4.5392727e+01   2.0000000e+00
   5.8666668e+01  -4.5317366e+01   2.0000000e+00
   5.8333332e+01  -4.5208858e+01   2.0000000e+00
   5.8265683e+01  -4.5182610e+01   2.0000000e+00
   5.8000000e+01  -4.5068955e+01   2.0000000e+00
   5.7761923e+01  -4.4947174e+01   2.0000000e+00
   5.7666668e+01  -4.4893539e+01   2.0000000e+00
   5.7333332e+01  -4.4711321e+01   2.0000000e+00
   5.7332246e+01  -4.4710770e+01   2.0000000e+00
   5.7000000e+01  -4.4534977e+01   2.0000000e+00
   5.6870806e+01  -4.4473396e+01   2.0000000e+00
   5.6666668e+01  -4.4379279e+01   2.0000000e+00
   5.6384263e+01  -4.4235054e+01   2.0000000e+00
   5.6333332e+01  -4.4209391e+01   2.0000000e+00
   5.6000000e+01  -4.4023769e+01   2.0000000e+00
   5.5947151e+01  -4.3995739e+01   2.0000000e+00
   5.5666668e+01  -4.3874129e+01   2.0000000e+00
   5.5340390e+01  -4.3755459e+01   2.0000000e+00
   5.5333332e+01  -4.3752941e+01   2.0000000e+00
   5.5000000e+01  -4.3638960e+01   2.0000000e+00
   5.4666668e+01  -4.3517566e+01   2.0000000e+00
   5.4657792e+01  -4.3514206e+01   2.0000000e+00
   5.4333332e+01  -4.3400206e+01   2.0000000e+00
   5.4000000e+01  -4.3282215e+01   2.0000000e+00
   5.3973958e+01  -4.3271988e+01   2.0000000e+00
   5.3666668e+01  -4.3137862e+01   2.0000000e+00
   5.3451316e+01  -4.3028801e+01   2.0000000e+00
   5.3333332e+01  -4.2974751e+01   2.0000000e+00
   5.3000000e+01  -4.2811445e+01   2.0000000e+00
   5.2945187e+01  -4.2784649e+01   2.0000000e+00
   5.2666668e+01  -4.2645953e+01   2.0000000e+00
   5.2465448e+01  -4.2539528e+01   2.0000000e+00
   5.2333332e+01  -4.2473040e+01   2.0000000e+00
   5.2000000e+01  -4.2314485e+01   2.0000000e+00
   5.1947831e+01  -4.2293442e+01   2.0000000e+00
   5.1666668e+01  -4.2186830e+01   2.0000000e+00
   5.1333332e+01  -4.2068855e+01   2.0000000e+00
   5.1266093e+01  -4.2046391e+01   2.0000000e+00
   5.1000000e+01  -4.1963843e+01   2.0000000e+00
   5.0666668e+01  -4.1888828e+01   2.0000000e+00
   5.0333332e+01  -4.1833567e+01   2.0000000e+00
   5.0043471e+01  -4.1798374e+01   2.0000000e+00
   5.0000000e+01  -4.1793366e+01   2.0000000e+00
   4.9666668e+01  -4.1781867e+01   2.0000000e+00
   4.9333332e+01  -4.1778042e+01   2.0000000e+00
   4.9000000e+01  -4.1769804e+01   2.0000000e+00
   4.8666668e+01  -4.1766422e+01   2.0000000e+00
   4.8333332e+01  -4.1778159e+01   2.0000000e+00
   4.8176430e+01  -4.1798374e+01   2.0000000e+00
   4.8000000e+01  -4.1823155e+01   2.0000000e+00
   4.7666668e+01  -4.1884407e+01   2.0000000e+00
   4.7333332e+01  -4.1939911e+01   2.0000000e+00
   4.7000000e+01  -4.1981543e+01   2.0000000e+00
   4.6666668e+01  -4.1995993e+01   2.0000000e+00
   4.6333332e+01  -4.1997683e+01   2.0000000e+00
   4.6000000e+01  -4.1993659e+01   2.0000000e+00
   4.5666668e+01  -4.1987870e+01   2.0000000e+00
   4.5333332e+01  -4.1988040e+01   2.0000000e+00
   4.5000000e+01  -4.1982889e+01   2.0000000e+00
   4.4666668e+01  -4.1960674e+01   2.0000000e+00
   4.4333332e+01  -4.1930089e+01   2.0000000e+00
   4.4000000e+01  -4.1897385e+01   2.0000000e+00
   4.3666668e+01  -4.1853782e+01   2.0000000e+00
   4.3333332e+01  -4.1800552e+01   2.0000000e+00
   4.3322737e+01  -4.1798374e+01   2.0000000e+00
   4.3000000e+01  -4.1730726e+01   2.0000000e+00
   4.2666668e+01  -4.1645530e+01   2.0000000e+00
   4.2333332e+01  -4.1571645e+01   2.0000000e+00
   4.2134762e+01  -4.1549393e+01   2.0000000e+00
   4.2000000e+01  -4.1548108e+01   2.0000000e+00
   4.1998286e+01  -4.1549393e+01   2.0000000e+00
   4.1974632e+01  -4.1798374e+01   2.0000000e+00
   4.1954603e+01  -4.2046391e+01   2.0000000e+00
   4.1939957e+01  -4.2293442e+01   2.0000000e+00
   4.1666668e+01  -4.2485594e+01   2.0000000e+00
   4.1389787e+01  -4.2293442e+01   2.0000000e+00
   4.1333332e+01  -4.2251600e+01   2.0000000e+00
   4.1040632e+01  -4.2046391e+01   2.0000000e+00
   4.1020183e+01  -4.1798374e+01   2.0000000e+00
   4.1000000e+01  -4.1585305e+01   2.0000000e+00
   4.0666668e+01  -4.1557878e+01   2.0000000e+00
   4.0486203e+01  -4.1549393e+01   2.0000000e+00
   4.0333332e+01  -4.1543427e+01   2.0000000e+00
   4.0085312e+01  -4.1549393e+01   2.0000000e+00
   4.0000000e+01  -4.1551900e+01   2.0000000e+00
   3.9666668e+01  -4.1582273e+01   2.0000000e+00
   3.9333332e+01  -4.1606692e+01   2.0000000e+00
   3.9000000e+01  -4.1626833e+01   2.0000000e+00
   3.8666668e+01  -4.1655728e+01   2.0000000e+00
   3.8333332e+01  -4.1698416e+01   2.0000000e+00
   3.8000000e+01  -4.1758401e+01   2.0000000e+00
   3.7773733e+01  -4.1798374e+01   2.0000000e+00
   3.7666668e+01  -4.1818694e+01   2.0000000e+00
   3.7333332e+01  -4.1861417e+01   2.0000000e+00
   3.7000000e+01  -4.1906984e+01   2.0000000e+00
   3.6666668e+01  -4.1973463e+01   2.0000000e+00
   3.6354139e+01  -4.2046391e+01   2.0000000e+00
   3.6333332e+01  -4.2052328e+01   2.0000000e+00
   3.6000000e+01  -4.2122946e+01   2.0000000e+00
   3.5666668e+01  -4.2155922e+01   2.0000000e+00
   3.5333332e+01  -4.2170014e+01   2.0000000e+00
   3.5000000e+01  -4.2159385e+01   2.0000000e+00
   3.4666668e+01  -4.2132406e+01   2.0000000e+00
   3.4333332e+01  -4.2120956e+01   2.0000000e+00
   3.4000000e+01  -4.2122679e+01   2.0000000e+00
   3.3666668e+01  -4.2123988e+01   2.0000000e+00
   3.3333332e+01  -4.2101565e+01   2.0000000e+00
   3.3000000e+01  -4.2077431e+01   2.0000000e+00
   3.2666668e+01  -4.2099243e+01   2.0000000e+00
   3.2333332e+01  -4.2160174e+01   2.0000000e+00
   3.2000000e+01  -4.2260932e+01   2.0000000e+00
   3.1922568e+01  -4.2293442e+01   2.0000000e+00
   3.1666666e+01  -4.2395756e+01   2.0000000e+00
   3.1333334e+01  -4.2524374e+01   2.0000000e+00
   3.1285191e+01  -4.2539528e+01   2.0000000e+00
   3.1000000e+01  -4.2651863e+01   2.0000000e+00
   3.0666666e+01  -4.2736871e+01   2.0000000e+00
   3.0333334e+01  -4.2771985e+01   2.0000000e+00
   3.0000000e+01  -4.2779549e+01   2.0000000e+00
   2.9666666e+01  -4.2757437e+01   2.0000000e+00
   2.9333334e+01  -4.2690265e+01   2.0000000e+00
   2.9028286e+01  -4.2539528e+01   2.0000000e+00
   2.9000000e+01  -4.2526066e+01   2.0000000e+00
   2.8666666e+01  -4.2385025e+01   2.0000000e+00
   2.8333334e+01  -4.2322885e+01   2.0000000e+00
   2.8000000e+01  -4.2315631e+01   2.0000000e+00
   2.7666666e+01  -4.2354963e+01   2.0000000e+00
   2.7333334e+01  -4.2409365e+01   2.0000000e+00
   2.7000000e+01  -4.2450615e+01   2.0000000e+00
   2.6666666e+01  -4.2482242e+01   2.0000000e+00
   2.6333334e+01  -4.2510948e+01   2.0000000e+00
   2.6099519e+01  -4.2539528e+01   2.0000000e+00
   2.6000000e+01  -4.2554675e+01   2.0000000e+00
   2.5666666e+01  -4.2664523e+01   2.0000000e+00
   2.5391727e+01  -4.2784649e+01   2.0000000e+00
   2.5333334e+01  -4.2804659e+01   2.0000000e+00
   2.5000000e+01  -4.2896697e+01   2.0000000e+00
   2.4666666e+01  -4.2949707e+01   2.0000000e+00
   2.4333334e+01  -4.2979109e+01   2.0000000e+00
   2.4000000e+01  -4.2982780e+01   2.0000000e+00
   2.3666666e+01  -4.2956993e+01   2.0000000e+00
   2.3333334e+01  -4.2882315e+01   2.0000000e+00
   2.3055900e+01  -4.2784649e+01   2.0000000e+00
   2.3000000e+01  -4.2765629e+01   2.0000000e+00
   2.2666666e+01  -4.2648680e+01   2.0000000e+00
   2.2333334e+01  -4.2550748e+01   2.0000000e+00
   2.2299028e+01  -4.2539528e+01   2.0000000e+00
   2.2000000e+01  -4.2438892e+01   2.0000000e+00
   2.1666666e+01  -4.2294024e+01   2.0000000e+00
   2.1665513e+01  -4.2293442e+01   2.0000000e+00
   2.1333334e+01  -4.2073121e+01   2.0000000e+00
   2.1294070e+01  -4.2046391e+01   2.0000000e+00
   2.1000000e+01  -4.1858683e+01   2.0000000e+00
   2.0892437e+01  -4.1798374e+01   2.0000000e+00
   2.0666666e+01  -4.1694307e+01   2.0000000e+00
   2.0365888e+01  -4.1549393e+01   2.0000000e+00
   2.0333334e+01  -4.1538268e+01   2.0000000e+00
   2.0000000e+01  -4.1456737e+01   2.0000000e+00
   1.9666666e+01  -4.1443561e+01   2.0000000e+00
   1.9333334e+01  -4.1468884e+01   2.0000000e+00
   1.9000000e+01  -4.1484564e+01   2.0000000e+00
   1.8666666e+01  -4.1513933e+01   2.0000000e+00
   1.8333831e+01  -4.1549393e+01   2.0000000e+00
   1.8333334e+01  -4.1549463e+01   2.0000000e+00
   1.8000000e+01  -4.1586541e+01   2.0000000e+00
   1.7666666e+01  -4.1587788e+01   2.0000000e+00
   1.7333334e+01  -4.1587060e+01   2.0000000e+00
   1.7000000e+01  -4.1629596e+01   2.0000000e+00
   1.6666666e+01  -4.1706385e+01   2.0000000e+00
   1.6351343e+01  -4.1798374e+01   2.0000000e+00
   1.6333334e+01  -4.1805218e+01   2.0000000e+00
   1.6000000e+01  -4.1857277e+01   2.0000000e+00
   1.5666667e+01  -4.1846014e+01   2.0000000e+00
   1.5333333e+01  -4.1892335e+01   2.0000000e+00
   1.5000000e+01  -4.2010644e+01   2.0000000e+00
   1.4917764e+01  -4.2046391e+01   2.0000000e+00
   1.4666667e+01  -4.2177027e+01   2.0000000e+00
   1.4333333e+01  -4.2278705e+01   2.0000000e+00
   1.4127700e+01  -4.2293442e+01   2.0000000e+00
   1.4000000e+01  -4.2302667e+01   2.0000000e+00
   1.3867881e+01  -4.2293442e+01   2.0000000e+00
   1.3666667e+01  -4.2279396e+01   2.0000000e+00
   1.3333333e+01  -4.2207279e+01   2.0000000e+00
   1.3000000e+01  -4.2074300e+01   2.0000000e+00
   1.2947429e+01  -4.2046391e+01   2.0000000e+00
   1.2666667e+01  -4.1891911e+01   2.0000000e+00
   1.2333333e+01  -4.1801484e+01   2.0000000e+00
   1.2000000e+01  -4.1824820e+01   2.0000000e+00
   1.1666667e+01  -4.1860889e+01   2.0000000e+00
   1.1333333e+01  -4.1861708e+01   2.0000000e+00
   1.1000000e+01  -4.1812575e+01   2.0000000e+00
   1.0952026e+01  -4.1798374e+01   2.0000000e+00
   1.0666667e+01  -4.1704179e+01   2.0000000e+00
   1.0414774e+01  -4.1549393e+01   2.0000000e+00
   1.0333333e+01  -4.1504816e+01   2.0000000e+00
   1.0000000e+01  -4.1316192e+01   2.0000000e+00
   9.8784209e+00  -4.1299450e+01   2.0000000e+00
   9.6666670e+00  -4.1277437e+01   2.0000000e+00
   9.5752007e+00  -4.1299450e+01   2.0000000e+00
   9.3333330e+00  -4.1370891e+01   2.0000000e+00
   9.0000000e+00  -4.1487669e+01   2.0000000e+00
   8.6666670e+00  -4.1537109e+01   2.0000000e+00
   8.3333330e+00  -4.1526200e+01   2.0000000e+00
   8.0000000e+00  -4.1506134e+01   2.0000000e+00
   7.6666665e+00  -4.1490492e+01   2.0000000e+00
   7.3333335e+00  -4.1500456e+01   2.0000000e+00
   7.0210245e+00  -4.1549393e+01   2.0000000e+00
   7.0000000e+00  -4.1553852e+01   2.0000000e+00
   6.6666665e+00  -4.1651498e+01   2.0000000e+00
   6.3333335e+00  -4.1735648e+01   2.0000000e+00
   6.0000000e+00  -4.1787814e+01   2.0000000e+00
   5.9289230e+00  -4.1798374e+01   2.0000000e+00
   5.6666665e+00  -4.1841067e+01   2.0000000e+00
   5.3333335e+00  -4.1899875e+01   2.0000000e+00
   5.0000000e+00  -4.1985025e+01   2.0000000e+00
   4.8537367e+00  -4.2046391e+01   2.0000000e+00
   4.6666665e+00  -4.2160758e+01   2.0000000e+00
   4.5260308e+00  -4.2293442e+01   2.0000000e+00
   4.3333335e+00  -4.2501707e+01   2.0000000e+00
   4.2966789e+00  -4.2539528e+01   2.0000000e+00
   4.0000000e+00  -4.2690070e+01   2.0000000e+00
   3.7235197e+00  -4.2784649e+01   2.0000000e+00
   3.6666667e+00  -4.2799111e+01   2.0000000e+00
   3.3333333e+00  -4.2872396e+01   2.0000000e+00
   3.0000000e+00  -4.2950589e+01   2.0000000e+00
   2.6666667e+00  -4.2995545e+01   2.0000000e+00
   2.3333333e+00  -4.2978470e+01   2.0000000e+00
   2.0000000e+00  -4.2925721e+01   2.0000000e+00
   1.6666666e+00  -4.2866284e+01   2.0000000e+00
   1.3333334e+00  -4.2822636e+01   2.0000000e+00
   1.1679802e+00  -4.2784649e+01   2.0000000e+00
   1.0000000e+00  -4.2733948e+01   2.0000000e+00
   6.6666669e-01  -4.2577266e+01   2.0000000e+00
   6.0814539e-01  -4.2539528e+01   2.0000000e+00
   3.3333334e-01  -4.2502027e+01   2.0000000e+00
   9.4539301e-02  -4.2293442e+01   2.0000000e+00
   0.0000000e+00  -4.2223374e+01   2.0000000e+00
   3.1285377e+02  -3.0246271e+01   3.0000000e+00
   3.1266666e+02  -3.0407032e+01   3.0000000e+00
   3.1251970e+02  -3.0533804e+01   3.0000000e+00
   3.1233334e+02  -3.0693701e+01   3.0000000e+00
   3.1200000e+02  -3.0694707e+01   3.0000000e+00
   3.1185375e+02  -3.0820488e+01   3.0000000e+00
   3.1166666e+02  -3.0980865e+01   3.0000000e+00
   3.1152036e+02  -3.1106319e+01   3.0000000e+00
   3.1133334e+02  -3.1266201e+01   3.0000000e+00
   3.1118702e+02  -3.1391294e+01   3.0000000e+00
   3.1100000e+02  -3.1550831e+01   3.0000000e+00
   3.1085384e+02  -3.1675406e+01   3.0000000e+00
   3.1066666e+02  -3.1834242e+01   3.0000000e+00
   3.1052026e+02  -3.1958651e+01   3.0000000e+00
   3.1051872e+02  -3.2241024e+01   3.0000000e+00
   3.1066666e+02  -3.2365965e+01   3.0000000e+00
   3.1084904e+02  -3.2522522e+01   3.0000000e+00
   3.1084794e+02  -3.2803143e+01   3.0000000e+00
   3.1084746e+02  -3.3082878e+01   3.0000000e+00
   3.1066666e+02  -3.3233932e+01   3.0000000e+00
   3.1051390e+02  -3.3361729e+01   3.0000000e+00
   3.1033334e+02  -3.3511313e+01   3.0000000e+00
   3.1017939e+02  -3.3639690e+01   3.0000000e+00
   3.1000000e+02  -3.3787746e+01   3.0000000e+00
   3.0984479e+02  -3.3916752e+01   3.0000000e+00
   3.0966666e+02  -3.4064654e+01   3.0000000e+00
   3.0933334e+02  -3.4065534e+01   3.0000000e+00
   3.0900000e+02  -3.4067263e+01   3.0000000e+00
   3.0884833e+02  -3.4192921e+01   3.0000000e+00
   3.0885056e+02  -3.4468185e+01   3.0000000e+00
   3.0885325e+02  -3.4742546e+01   3.0000000e+00
   3.0866666e+02  -3.4901821e+01   3.0000000e+00
   3.0852748e+02  -3.5015999e+01   3.0000000e+00
   3.0833334e+02  -3.5181773e+01   3.0000000e+00
   3.0820276e+02  -3.5288540e+01   3.0000000e+00
   3.0800000e+02  -3.5461487e+01   3.0000000e+00
   3.0787890e+02  -3.5560165e+01   3.0000000e+00
   3.0766666e+02  -3.5739243e+01   3.0000000e+00
   3.0755383e+02  -3.5830875e+01   3.0000000e+00
   3.0755522e+02  -3.6100666e+01   3.0000000e+00
   3.0733334e+02  -3.6285616e+01   3.0000000e+00
   3.0722930e+02  -3.6369530e+01   3.0000000e+00
   3.0722924e+02  -3.6637470e+01   3.0000000e+00
   3.0700000e+02  -3.6828358e+01   3.0000000e+00
   3.0690497e+02  -3.6904480e+01   3.0000000e+00
   3.0666666e+02  -3.7103338e+01   3.0000000e+00
   3.0658245e+02  -3.7170559e+01   3.0000000e+00
   3.0658507e+02  -3.7435707e+01   3.0000000e+00
   3.0658873e+02  -3.7699917e+01   3.0000000e+00
   3.0633334e+02  -3.7914339e+01   3.0000000e+00
   3.0627149e+02  -3.7963188e+01   3.0000000e+00
   3.0627823e+02  -3.8225521e+01   3.0000000e+00
   3.0628681e+02  -3.8486908e+01   3.0000000e+00
   3.0629610e+02  -3.8747353e+01   3.0000000e+00
   3.0600426e+02  -3.9006851e+01   3.0000000e+00
   3.0612273e+02  -3.9265400e+01   3.0000000e+00
   3.0622351e+02  -3.9522999e+01   3.0000000e+00
   3.0626923e+02  -3.9779644e+01   3.0000000e+00
   3.0631344e+02  -4.0035339e+01   3.0000000e+00
   3.0633334e+02  -4.0152627e+01   3.0000000e+00
   3.0635917e+02  -4.0290077e+01   3.0000000e+00
   3.0643443e+02  -4.0543858e+01   3.0000000e+00
   3.0649003e+02  -4.0796680e+01   3.0000000e+00
   3.0654059e+02  -4.1048546e+01   3.0000000e+00
   3.0661217e+02  -4.1299450e+01   3.0000000e+00
   3.0666666e+02  -4.1437998e+01   3.0000000e+00
   3.0674160e+02  -4.1549393e+01   3.0000000e+00
   3.0691904e+02  -4.1798374e+01   3.0000000e+00
   3.0696407e+02  -4.2046391e+01   3.0000000e+00
   3.0697053e+02  -4.2293442e+01   3.0000000e+00
   3.0687610e+02  -4.2539528e+01   3.0000000e+00
   3.0669501e+02  -4.2784649e+01   3.0000000e+00
   3.0666666e+02  -4.2823411e+01   3.0000000e+00
   3.0655939e+02  -4.3028801e+01   3.0000000e+00
   3.0656377e+02  -4.3271988e+01   3.0000000e+00
   3.0666477e+02  -4.3514206e+01   3.0000000e+00
   3.0666666e+02  -4.3517082e+01   3.0000000e+00
   3.0683629e+02  -4.3755459e+01   3.0000000e+00
   3.0700000e+02  -4.3941413e+01   3.0000000e+00
   3.0707841e+02  -4.3995739e+01   3.0000000e+00
   3.0733334e+02  -4.4141403e+01   3.0000000e+00
   3.0766666e+02  -4.4220402e+01   3.0000000e+00
   3.0800000e+02  -4.4184649e+01   3.0000000e+00
   3.0828862e+02  -4.3995739e+01   3.0000000e+00
   3.0833334e+02  -4.3964659e+01   3.0000000e+00
   3.0865299e+02  -4.3755459e+01   3.0000000e+00
   3.0866666e+02  -4.3745840e+01   3.0000000e+00
   3.0900000e+02  -4.3517658e+01   3.0000000e+00
   3.0900394e+02  -4.3514206e+01   3.0000000e+00
   3.0933334e+02  -4.3305678e+01   3.0000000e+00
   3.0939176e+02  -4.3271988e+01   3.0000000e+00
   3.0966666e+02  -4.3119784e+01   3.0000000e+00
   3.0981882e+02  -4.3028801e+01   3.0000000e+00
   3.1000000e+02  -4.2928626e+01   3.0000000e+00
   3.1022584e+02  -4.2784649e+01   3.0000000e+00
   3.1033334e+02  -4.2716284e+01   3.0000000e+00
   3.1057239e+02  -4.2539528e+01   3.0000000e+00
   3.1066666e+02  -4.2470009e+01   3.0000000e+00
   3.1087475e+02  -4.2293442e+01   3.0000000e+00
   3.1100000e+02  -4.2188056e+01   3.0000000e+00
   3.1117077e+02  -4.2046391e+01   3.0000000e+00
   3.1133334e+02  -4.1903946e+01   3.0000000e+00
   3.1143236e+02  -4.1798374e+01   3.0000000e+00
   3.1162868e+02  -4.1549393e+01   3.0000000e+00
   3.1166666e+02  -4.1494705e+01   3.0000000e+00
   3.1180483e+02  -4.1299450e+01   3.0000000e+00
   3.1200000e+02  -4.1052009e+01   3.0000000e+00
   3.1200404e+02  -4.1048546e+01   3.0000000e+00
   3.1233334e+02  -4.0800430e+01   3.0000000e+00
   3.1234084e+02  -4.0796680e+01   3.0000000e+00
   3.1266666e+02  -4.0649908e+01   3.0000000e+00
   3.1300000e+02  -4.0576433e+01   3.0000000e+00
   3.1333334e+02  -4.0575817e+01   3.0000000e+00
   3.1366666e+02  -4.0580129e+01   3.0000000e+00
   3.1400000e+02  -4.0559011e+01   3.0000000e+00
   3.1433334e+02  -4.0560148e+01   3.0000000e+00
   3.1466666e+02  -4.0574082e+01   3.0000000e+00
   3.1500000e+02  -4.0594628e+01   3.0000000e+00
   3.1533334e+02  -4.0595418e+01   3.0000000e+00
   3.1566666e+02  -4.0587579e+01   3.0000000e+00
   3.1600000e+02  -4.0587278e+01   3.0000000e+00
   3.1633334e+02  -4.0590846e+01   3.0000000e+00
   3.1666666e+02  -4.0590595e+01   3.0000000e+00
   3.1700000e+02  -4.0585965e+01   3.0000000e+00
   3.1733334e+02  -4.0574909e+01   3.0000000e+00
   3.1766666e+02  -4.0555081e+01   3.0000000e+00
   3.1777066e+02  -4.0543858e+01   3.0000000e+00
   3.1800000e+02  -4.0516103e+01   3.0000000e+00
   3.1833334e+02  -4.0471266e+01   3.0000000e+00
   3.1866666e+02  -4.0429272e+01   3.0000000e+00
   3.1900000e+02  -4.0375947e+01   3.0000000e+00
   3.1933334e+02  -4.0303207e+01   3.0000000e+00
   3.1938122e+02  -4.0290077e+01   3.0000000e+00
   3.1966666e+02  -4.0212830e+01   3.0000000e+00
   3.2000000e+02  -4.0130819e+01   3.0000000e+00
   3.2033334e+02  -4.0088105e+01   3.0000000e+00
   3.2066666e+02  -4.0068949e+01   3.0000000e+00
   3.2100000e+02  -4.0114831e+01   3.0000000e+00
   3.2133334e+02  -4.0281711e+01   3.0000000e+00
   3.2134815e+02  -4.0290077e+01   3.0000000e+00
   3.2166666e+02  -4.0466767e+01   3.0000000e+00
   3.2177900e+02  -4.0543858e+01   3.0000000e+00
   3.2200000e+02  -4.0697296e+01   3.0000000e+00
   3.2210009e+02  -4.0796680e+01   3.0000000e+00
   3.2233334e+02  -4.0990382e+01   3.0000000e+00
   3.2240507e+02  -4.1048546e+01   3.0000000e+00
   3.2266666e+02  -4.1187825e+01   3.0000000e+00
   3.2289686e+02  -4.1299450e+01   3.0000000e+00
   3.2300000e+02  -4.1343917e+01   3.0000000e+00
   3.2333334e+02  -4.1446073e+01   3.0000000e+00
   3.2366666e+02  -4.1523657e+01   3.0000000e+00
   3.2381826e+02  -4.1549393e+01   3.0000000e+00
   3.2400000e+02  -4.1576997e+01   3.0000000e+00
   3.2433334e+02  -4.1588257e+01   3.0000000e+00
   3.2466666e+02  -4.1573371e+01   3.0000000e+00
   3.2497352e+02  -4.1549393e+01   3.0000000e+00
   3.2500000e+02  -4.1547321e+01   3.0000000e+00
   3.2533334e+02  -4.1507392e+01   3.0000000e+00
   3.2566666e+02  -4.1459513e+01   3.0000000e+00
   3.2600000e+02  -4.1398641e+01   3.0000000e+00
   3.2633334e+02  -4.1336906e+01   3.0000000e+00
   3.2649152e+02  -4.1299450e+01   3.0000000e+00
   3.2666666e+02  -4.1256499e+01   3.0000000e+00
   3.2700000e+02  -4.1176511e+01   3.0000000e+00
   3.2733334e+02  -4.1145615e+01   3.0000000e+00
   3.2766666e+02  -4.1155009e+01   3.0000000e+00
   3.2800000e+02  -4.1220831e+01   3.0000000e+00
   3.2815193e+02  -4.1299450e+01   3.0000000e+00
   3.2833334e+02  -4.1374552e+01   3.0000000e+00
   3.2863828e+02  -4.1549393e+01   3.0000000e+00
   3.2866666e+02  -4.1562306e+01   3.0000000e+00
   3.2900000e+02  -4.1723344e+01   3.0000000e+00
   3.2915396e+02  -4.1798374e+01   3.0000000e+00
   3.2933334e+02  -4.1874910e+01   3.0000000e+00
   3.2966666e+02  -4.2015502e+01   3.0000000e+00
   3.2974100e+02  -4.2046391e+01   3.0000000e+00
   3.3000000e+02  -4.2173111e+01   3.0000000e+00
   3.3024952e+02  -4.2293442e+01   3.0000000e+00
   3.3033334e+02  -4.2339193e+01   3.0000000e+00
   3.3066666e+02  -4.2498233e+01   3.0000000e+00
   3.3076793e+02  -4.2539528e+01   3.0000000e+00
   3.3100000e+02  -4.2627354e+01   3.0000000e+00
   3.3133334e+02  -4.2722584e+01   3.0000000e+00
   3.3158548e+02  -4.2784649e+01   3.0000000e+00
   3.3166666e+02  -4.2809274e+01   3.0000000e+00
   3.3200000e+02  -4.2876400e+01   3.0000000e+00
   3.3233334e+02  -4.2881811e+01   3.0000000e+00
   3.3266666e+02  -4.2857374e+01   3.0000000e+00
   3.3300000e+02  -4.2843981e+01   3.0000000e+00
   3.3333334e+02  -4.2841411e+01   3.0000000e+00
   3.3366666e+02  -4.2843003e+01   3.0000000e+00
   3.3400000e+02  -4.2851244e+01   3.0000000e+00
   3.3433334e+02  -4.2866707e+01   3.0000000e+00
   3.3466666e+02  -4.2870382e+01   3.0000000e+00
   3.3500000e+02  -4.2833224e+01   3.0000000e+00
   3.3521693e+02  -4.2784649e+01   3.0000000e+00
   3.3533334e+02  -4.2759313e+01   3.0000000e+00
   3.3566666e+02  -4.2686009e+01   3.0000000e+00
   3.3600000e+02  -4.2615262e+01   3.0000000e+00
   3.3631471e+02  -4.2539528e+01   3.0000000e+00
   3.3633334e+02  -4.2532547e+01   3.0000000e+00
   3.3666666e+02  -4.2413982e+01   3.0000000e+00
   3.3697228e+02  -4.2293442e+01   3.0000000e+00
   3.3700000e+02  -4.2280525e+01   3.0000000e+00
   3.3733334e+02  -4.2109474e+01   3.0000000e+00
   3.3745842e+02  -4.2046391e+01   3.0000000e+00
   3.3766666e+02  -4.1919318e+01   3.0000000e+00
   3.3791349e+02  -4.1798374e+01   3.0000000e+00
   3.3800000e+02  -4.1749503e+01   3.0000000e+00
   3.3833334e+02  -4.1596387e+01   3.0000000e+00
   3.3843984e+02  -4.1549393e+01   3.0000000e+00
   3.3866666e+02  -4.1463549e+01   3.0000000e+00
   3.3900000e+02  -4.1386892e+01   3.0000000e+00
   3.3933334e+02  -4.1342751e+01   3.0000000e+00
   3.3956228e+02  -4.1299450e+01   3.0000000e+00
   3.3966666e+02  -4.1282584e+01   3.0000000e+00
   3.4000000e+02  -4.1256560e+01   3.0000000e+00
   3.4029473e+02  -4.1299450e+01   3.0000000e+00
   3.4033334e+02  -4.1304434e+01   3.0000000e+00
   3.4066666e+02  -4.1361749e+01   3.0000000e+00
   3.4100000e+02  -4.1431120e+01   3.0000000e+00
   3.4129783e+02  -4.1549393e+01   3.0000000e+00
   3.4133334e+02  -4.1566030e+01   3.0000000e+00
   3.4166666e+02  -4.1738586e+01   3.0000000e+00
   3.4180092e+02  -4.1798374e+01   3.0000000e+00
   3.4200000e+02  -4.1881744e+01   3.0000000e+00
   3.4233334e+02  -4.2039840e+01   3.0000000e+00
   3.4234519e+02  -4.2046391e+01   3.0000000e+00
   3.4266666e+02  -4.2205180e+01   3.0000000e+00
   3.4285127e+02  -4.2293442e+01   3.0000000e+00
   3.4300000e+02  -4.2354447e+01   3.0000000e+00
   3.4333334e+02  -4.2488680e+01   3.0000000e+00
   3.4348081e+02  -4.2539528e+01   3.0000000e+00
   3.4366666e+02  -4.2598859e+01   3.0000000e+00
   3.4400000e+02  -4.2682710e+01   3.0000000e+00
   3.4433334e+02  -4.2756543e+01   3.0000000e+00
   3.4446975e+02  -4.2784649e+01   3.0000000e+00
   3.4466666e+02  -4.2823802e+01   3.0000000e+00
   3.4500000e+02  -4.2885083e+01   3.0000000e+00
   3.4533334e+02  -4.2935351e+01   3.0000000e+00
   3.4566666e+02  -4.2985759e+01   3.0000000e+00
   3.4586504e+02  -4.3028801e+01   3.0000000e+00
   3.4600000e+02  -4.3055049e+01   3.0000000e+00
   3.4633334e+02  -4.3123173e+01   3.0000000e+00
   3.4666666e+02  -4.3177270e+01   3.0000000e+00
   3.4700000e+02  -4.3230747e+01   3.0000000e+00
   3.4720949e+02  -4.3271988e+01   3.0000000e+00
   3.4733334e+02  -4.3299430e+01   3.0000000e+00
   3.4766666e+02  -4.3389713e+01   3.0000000e+00
   3.4800000e+02  -4.3488836e+01   3.0000000e+00
   3.4810335e+02  -4.3514206e+01   3.0000000e+00
   3.4833334e+02  -4.3561202e+01   3.0000000e+00
   3.4866666e+02  -4.3597652e+01   3.0000000e+00
   3.4900000e+02  -4.3613890e+01   3.0000000e+00
   3.4933334e+02  -4.3627509e+01   3.0000000e+00
   3.4966666e+02  -4.3650837e+01   3.0000000e+00
   3.5000000e+02  -4.3668077e+01   3.0000000e+00
   3.5033334e+02  -4.3645857e+01   3.0000000e+00
   3.5066666e+02  -4.3589190e+01   3.0000000e+00
   3.5100000e+02  -4.3515742e+01   3.0000000e+00
   3.5100661e+02  -4.3514206e+01   3.0000000e+00
   3.5133334e+02  -4.3412668e+01   3.0000000e+00
   3.5166666e+02  -4.3316835e+01   3.0000000e+00
   3.5192566e+02  -4.3271988e+01   3.0000000e+00
   3.5200000e+02  -4.3257627e+01   3.0000000e+00
   3.5233334e+02  -4.3217806e+01   3.0000000e+00
   3.5266666e+02  -4.3168938e+01   3.0000000e+00
   3.5300000e+02  -4.3080471e+01   3.0000000e+00
   3.5309706e+02  -4.3028801e+01   3.0000000e+00
   3.5333334e+02  -4.2807339e+01   3.0000000e+00
   3.5334925e+02  -4.2784649e+01   3.0000000e+00
   3.5351401e+02  -4.2539528e+01   3.0000000e+00
   3.5366206e+02  -4.2293442e+01   3.0000000e+00
   3.5366666e+02  -4.2288771e+01   3.0000000e+00
   3.5398080e+02  -4.2046391e+01   3.0000000e+00
   3.5400000e+02  -4.2034964e+01   3.0000000e+00
   3.5433334e+02  -4.1912927e+01   3.0000000e+00
   3.5466666e+02  -4.1834014e+01   3.0000000e+00
   3.5487121e+02  -4.1798374e+01   3.0000000e+00
   3.5500000e+02  -4.1776540e+01   3.0000000e+00
   3.5533334e+02  -4.1708041e+01   3.0000000e+00
   3.5566666e+02  -4.1599342e+01   3.0000000e+00
   3.5577708e+02  -4.1549393e+01   3.0000000e+00
   3.5600000e+02  -4.1435098e+01   3.0000000e+00
   3.5633334e+02  -4.1321862e+01   3.0000000e+00
   3.5647421e+02  -4.1299450e+01   3.0000000e+00
   3.5666666e+02  -4.1266751e+01   3.0000000e+00
   3.5700000e+02  -4.1239519e+01   3.0000000e+00
   3.5733334e+02  -4.1221572e+01   3.0000000e+00
   3.5766666e+02  -4.1194769e+01   3.0000000e+00
   3.5800000e+02  -4.1146240e+01   3.0000000e+00
   3.5833334e+02  -4.1095485e+01   3.0000000e+00
   3.5866666e+02  -4.1052415e+01   3.0000000e+00
   3.5879947e+02  -4.1048546e+01   3.0000000e+00
   3.5900000e+02  -4.1043309e+01   3.0000000e+00
   3.5931278e+02  -4.1048546e+01   3.0000000e+00
   3.5933334e+02  -4.1049125e+01   3.0000000e+00
   3.5966666e+02  -4.1148614e+01   3.0000000e+00
   3.5982409e+02  -4.1299450e+01   3.0000000e+00
   3.6000000e+02  -4.1488244e+01   3.0000000e+00
   0.0000000e+00  -4.1488244e+01   4.0000000e+00
   6.6609515e-02  -4.1549393e+01   4.0000000e+00
   3.3333334e-01  -4.1760676e+01   4.0000000e+00
   3.8488775e-01  -4.1798374e+01   4.0000000e+00
   3.3333334e-01  -4.1802832e+01   4.0000000e+00
   0.0000000e+00  -4.1833480e+01   4.0000000e+00
   1.4666667e+01  -3.0815227e+01   5.0000000e+00
   1.4672783e+01  -3.0820488e+01   5.0000000e+00
   1.4666667e+01  -3.1047032e+01   5.0000000e+00
   1.4375805e+01  -3.0820488e+01   5.0000000e+00
   1.4666667e+01  -3.0815227e+01   5.0000000e+00
   1.5000000e+01  -3.1101824e+01   6.0000000e+00
   1.5005243e+01  -3.1106319e+01   6.0000000e+00
   1.5000000e+01  -3.1300306e+01   6.0000000e+00
   1.4744795e+01  -3.1106319e+01   6.0000000e+00
   1.5000000e+01  -3.1101824e+01   6.0000000e+00
   1.5666667e+01  -3.2522339e+01   7.0000000e+00
   1.5666883e+01  -3.2522522e+01   7.0000000e+00
   1.6000000e+01  -3.2800506e+01   7.0000000e+00
   1.6003132e+01  -3.2803143e+01   7.0000000e+00
   1.6000000e+01  -3.3066188e+01   7.0000000e+00
   1.5666667e+01  -3.2803667e+01   7.0000000e+00
   1.5666024e+01  -3.2803143e+01   7.0000000e+00
   1.5645289e+01  -3.2522522e+01   7.0000000e+00
   1.5666667e+01  -3.2522339e+01   7.0000000e+00
   1.6333334e+01  -3.3078590e+01   8.0000000e+00
   1.6338443e+01  -3.3082878e+01   8.0000000e+00
   1.6333334e+01  -3.3330706e+01   8.0000000e+00
   1.6012408e+01  -3.3082878e+01   8.0000000e+00
   1.6333334e+01  -3.3078590e+01   8.0000000e+00
   1.7000000e+01  -3.3916583e+01   9.0000000e+00
   1.7000203e+01  -3.3916752e+01   9.0000000e+00
   1.7000000e+01  -3.3923020e+01   9.0000000e+00
   1.6992552e+01  -3.3916752e+01   9.0000000e+00
   1.7000000e+01  -3.3916583e+01   9.0000000e+00
   1.7333334e+01  -3.4191056e+01   1.0000000e+01
   1.7335584e+01  -3.4192921e+01   1.0000000e+01
   1.7333334e+01  -3.4276127e+01   1.0000000e+01
   1.7264657e+01  -3.4192921e+01   1.0000000e+01
   1.7333334e+01  -3.4191056e+01   1.0000000e+01
   1.7666666e+01  -3.4741948e+01   1.1000000e+01
   1.7667393e+01  -3.4742546e+01   1.1000000e+01
   1.7666666e+01  -3.4788500e+01   1.1000000e+01
   1.7642550e+01  -3.4742546e+01   1.1000000e+01
   1.7666666e+01  -3.4741948e+01   1.1000000e+01
   1.8000000e+01  -3.5011998e+01   1.2000000e+01
   1.8004877e+01  -3.5015999e+01   1.2000000e+01
   1.8333334e+01  -3.5283309e+01   1.2000000e+01
   1.8339731e+01  -3.5288540e+01   1.2000000e+01
   1.8335561e+01  -3.5560165e+01   1.2000000e+01
   1.8666666e+01  -3.5826451e+01   1.2000000e+01
   1.9000000e+01  -3.5822291e+01   1.2000000e+01
   1.9010571e+01  -3.5830875e+01   1.2000000e+01
   1.9333334e+01  -3.6092254e+01   1.2000000e+01
   1.9343728e+01  -3.6100666e+01   1.2000000e+01
   1.9481302e+01  -3.6369530e+01   1.2000000e+01
   1.9333334e+01  -3.6411713e+01   1.2000000e+01
   1.9000000e+01  -3.6494961e+01   1.2000000e+01
   1.8666666e+01  -3.6487144e+01   1.2000000e+01
   1.8366457e+01  -3.6369530e+01   1.2000000e+01
   1.8333334e+01  -3.6306456e+01   1.2000000e+01
   1.8280650e+01  -3.6100666e+01   1.2000000e+01
   1.8287680e+01  -3.5830875e+01   1.2000000e+01
   1.8198801e+01  -3.5560165e+01   1.2000000e+01
   1.8000000e+01  -3.5312438e+01   1.2000000e+01
   1.7985733e+01  -3.5288540e+01   1.2000000e+01
   1.7807197e+01  -3.5015999e+01   1.2000000e+01
   1.8000000e+01  -3.5011998e+01   1.2000000e+01
