   0.0000000e+00  -4.7447490e+01   1.0000000e+00
   9.7878266e-02  -4.7483662e+01   1.0000000e+00
   3.3333334e-01  -4.7567690e+01   1.0000000e+00
   6.6666669e-01  -4.7683401e+01   1.0000000e+00
   7.5206032e-01  -4.7708447e+01   1.0000000e+00
   1.0000000e+00  -4.7781608e+01   1.0000000e+00
   1.3333334e+00  -4.7839017e+01   1.0000000e+00
   1.6666666e+00  -4.7879115e+01   1.0000000e+00
   1.9672417e+00  -4.7932262e+01   1.0000000e+00
   2.0000000e+00  -4.7938454e+01   1.0000000e+00
   2.3333333e+00  -4.8035098e+01   1.0000000e+00
   2.6656290e+00  -4.8155117e+01   1.0000000e+00
   2.6666667e+00  -4.8155483e+01   1.0000000e+00
   3.0000000e+00  -4.8266950e+01   1.0000000e+00
   3.3333333e+00  -4.8351101e+01   1.0000000e+00
   3.4574666e+00  -4.8377007e+01   1.0000000e+00
   3.6666667e+00  -4.8427606e+01   1.0000000e+00
   4.0000000e+00  -4.8501068e+01   1.0000000e+00
   4.3333335e+00  -4.8548923e+01   1.0000000e+00
   4.6666665e+00  -4.8570218e+01   1.0000000e+00
   5.0000000e+00  -4.8570987e+01   1.0000000e+00
   5.3333335e+00  -4.8555943e+01   1.0000000e+00
   5.6666665e+00  -4.8543276e+01   1.0000000e+00
   6.0000000e+00  -4.8530011e+01   1.0000000e+00
   6.3333335e+00  -4.8510083e+01   1.0000000e+00
   6.6666665e+00  -4.8496179e+01   1.0000000e+00
   7.0000000e+00  -4.8484838e+01   1.0000000e+00
   7.3333335e+00  -4.8473910e+01   1.0000000e+00
   7.6666665e+00  -4.8534072e+01   1.0000000e+00
   7.7630211e+00  -4.8597935e+01   1.0000000e+00
   8.0000000e+00  -4.8699129e+01   1.0000000e+00
   8.2083047e+00  -4.8597935e+01   1.0000000e+00
   8.3333330e+00  -4.8400181e+01   1.0000000e+00
   8.6666670e+00  -4.8403258e+01   1.0000000e+00
   9.0000000e+00  -4.8424666e+01   1.0000000e+00
   9.3333330e+00  -4.8456166e+01   1.0000000e+00
   9.6666670e+00  -4.8521467e+01   1.0000000e+00
   1.0000000e+01  -4.8487888e+01   1.0000000e+00
   1.0333333e+01  -4.8474288e+01   1.0000000e+00
   1.0666667e+01  -4.8461716e+01   1.0000000e+00
   1.1000000e+01  -4.8474432e+01   1.0000000e+00
   1.1333333e+01  -4.8518218e+01   1.0000000e+00
   1.1666667e+01  -4.8573168e+01   1.0000000e+00
   1.1838660e+01  -4.8597935e+01   1.0000000e+00
   1.2000000e+01  -4.8619923e+01   1.0000000e+00
   1.2333333e+01  -4.8647670e+01   1.0000000e+00
   1.2666667e+01  -4.8667250e+01   1.0000000e+00
   1.3000000e+01  -4.8690286e+01   1.0000000e+00
   1.3333333e+01  -4.8711557e+01   1.0000000e+00
   1.3666667e+01  -4.8735149e+01   1.0000000e+00
   1.4000000e+01  -4.8778738e+01   1.0000000e+00
   1.4198897e+01  -4.8817902e+01   1.0000000e+00
   1.4333333e+01  -4.8843756e+01   1.0000000e+00
   1.4666667e+01  -4.8921071e+01   1.0000000e+00
   1.5000000e+01  -4.8998329e+01   1.0000000e+00
   1.5205235e+01  -4.9036907e+01   1.0000000e+00
   1.5333333e+01  -4.9057551e+01   1.0000000e+00
   1.5666667e+01  -4.9101984e+01   1.0000000e+00
   1.6000000e+01  -4.9133969e+01   1.0000000e+00
   1.6333334e+01  -4.9132996e+01   1.0000000e+00
   1.6666666e+01  -4.9099461e+01   1.0000000e+00
   1.7000000e+01  -4.9038885e+01   1.0000000e+00
   1.7008579e+01  -4.9036907e+01   1.0000000e+00
   1.7333334e+01  -4.8949578e+01   1.0000000e+00
   1.7666666e+01  -4.8862494e+01   1.0000000e+00
   1.7795270e+01  -4.8817902e+01   1.0000000e+00
   1.8000000e+01  -4.8740120e+01   1.0000000e+00
   1.8283601e+01  -4.8597935e+01   1.0000000e+00
   1.8333334e+01  -4.8573308e+01   1.0000000e+00
   1.8666666e+01  -4.8421159e+01   1.0000000e+00
   1.8787534e+01  -4.8377007e+01   1.0000000e+00
   1.9000000e+01  -4.8309945e+01   1.0000000e+00
   1.9333334e+01  -4.8261219e+01   1.0000000e+00
   1.9666666e+01  -4.8257063e+01   1.0000000e+00
   2.0000000e+01  -4.8272600e+01   1.0000000e+00
   2.0333334e+01  -4.8298935e+01   1.0000000e+00
   2.0666666e+01  -4.8336935e+01   1.0000000e+00
   2.0908611e+01  -4.8377007e+01   1.0000000e+00
   2.1000000e+01  -4.8392718e+01   1.0000000e+00
   2.1333334e+01  -4.8443240e+01   1.0000000e+00
   2.1666666e+01  -4.8477317e+01   1.0000000e+00
   2.2000000e+01  -4.8514019e+01   1.0000000e+00
   2.2333334e+01  -4.8528687e+01   1.0000000e+00
   2.2666666e+01  -4.8483639e+01   1.0000000e+00
   2.2947394e+01  -4.8377007e+01   1.0000000e+00
   2.3000000e+01  -4.8353072e+01   1.0000000e+00
   2.3266240e+01  -4.8155117e+01   1.0000000e+00
   2.3333334e+01  -4.8099857e+01   1.0000000e+00
   2.3561092e+01  -4.7932262e+01   1.0000000e+00
   2.3666666e+01  -4.7868513e+01   1.0000000e+00
   2.4000000e+01  -4.7724635e+01   1.0000000e+00
   2.4053637e+01  -4.7708447e+01   1.0000000e+00
   2.4333334e+01  -4.7642277e+01   1.0000000e+00
   2.4666666e+01  -4.7620214e+01   1.0000000e+00
   2.5000000e+01  -4.7630273e+01   1.0000000e+00
   2.5333334e+01  -4.7672971e+01   1.0000000e+00
   2.5489553e+01  -4.7708447e+01   1.0000000e+00
   2.5666666e+01  -4.7756993e+01   1.0000000e+00
   2.6000000e+01  -4.7887376e+01   1.0000000e+00
   2.6083942e+01  -4.7932262e+01   1.0000000e+00
   2.6333334e+01  -4.8086246e+01   1.0000000e+00
   2.6422299e+01  -4.8155117e+01   1.0000000e+00
   2.6661918e+01  -4.8377007e+01   1.0000000e+00
   2.6666666e+01  -4.8381375e+01   1.0000000e+00
   2.6924299e+01  -4.8597935e+01   1.0000000e+00
   2.7000000e+01  -4.8645714e+01   1.0000000e+00
   2.7306711e+01  -4.8817902e+01   1.0000000e+00
   2.7333334e+01  -4.8830090e+01   1.0000000e+00
   2.7666666e+01  -4.8962287e+01   1.0000000e+00
   2.7906853e+01  -4.9036907e+01   1.0000000e+00
   2.8000000e+01  -4.9062897e+01   1.0000000e+00
   2.8333334e+01  -4.9135525e+01   1.0000000e+00
   2.8666666e+01  -4.9201775e+01   1.0000000e+00
   2.8998578e+01  -4.9254951e+01   1.0000000e+00
   2.9000000e+01  -4.9255202e+01   1.0000000e+00
   2.9333334e+01  -4.9279082e+01   1.0000000e+00
   2.9666666e+01  -4.9308330e+01   1.0000000e+00
   3.0000000e+01  -4.9312792e+01   1.0000000e+00
   3.0252204e+01  -4.9254951e+01   1.0000000e+00
   3.0333334e+01  -4.9235680e+01   1.0000000e+00
   3.0666666e+01  -4.9105927e+01   1.0000000e+00
   3.0831082e+01  -4.9036907e+01   1.0000000e+00
   3.1000000e+01  -4.8978159e+01   1.0000000e+00
   3.1333334e+01  -4.8879487e+01   1.0000000e+00
   3.1614459e+01  -4.8817902e+01   1.0000000e+00
   3.1666666e+01  -4.8808752e+01   1.0000000e+00
   3.2000000e+01  -4.8729789e+01   1.0000000e+00
   3.2333332e+01  -4.8614371e+01   1.0000000e+00
   3.2380660e+01  -4.8597935e+01   1.0000000e+00
   3.2666668e+01  -4.8509638e+01   1.0000000e+00
   3.3000000e+01  -4.8419036e+01   1.0000000e+00
   3.3214722e+01  -4.8377007e+01   1.0000000e+00
   3.3333332e+01  -4.8356005e+01   1.0000000e+00
   3.3666668e+01  -4.8309137e+01   1.0000000e+00
   3.4000000e+01  -4.8276860e+01   1.0000000e+00
   3.4333332e+01  -4.8270770e+01   1.0000000e+00
   3.4666668e+01  -4.8278372e+01   1.0000000e+00
   3.5000000e+01  -4.8295795e+01   1.0000000e+00
   3.5333332e+01  -4.8312095e+01   1.0000000e+00
   3.5666668e+01  -4.8314313e+01   1.0000000e+00
   3.6000000e+01  -4.8315978e+01   1.0000000e+00
   3.6333332e+01  -4.8329785e+01   1.0000000e+00
   3.6666668e+01  -4.8348321e+01   1.0000000e+00
   3.7000000e+01  -4.8358170e+01   1.0000000e+00
   3.7333332e+01  -4.8337483e+01   1.0000000e+00
   3.7666668e+01  -4.8306849e+01   1.0000000e+00
   3.8000000e+01  -4.8287219e+01   1.0000000e+00
   3.8333332e+01  -4.8281755e+01   1.0000000e+00
   3.8666668e+01  -4.8280798e+01   1.0000000e+00
   3.9000000e+01  -4.8274173e+01   1.0000000e+00
   3.9333332e+01  -4.8274681e+01   1.0000000e+00
   3.9666668e+01  -4.8293041e+01   1.0000000e+00
   4.0000000e+01  -4.8319023e+01   1.0000000e+00
   4.0333332e+01  -4.8344116e+01   1.0000000e+00
   4.0666668e+01  -4.8365290e+01   1.0000000e+00
   4.0858033e+01  -4.8377007e+01   1.0000000e+00
   4.1000000e+01  -4.8385480e+01   1.0000000e+00
   4.1333332e+01  -4.8412518e+01   1.0000000e+00
   4.1666668e+01  -4.8446335e+01   1.0000000e+00
   4.2000000e+01  -4.8493617e+01   1.0000000e+00
   4.2333332e+01  -4.8544320e+01   1.0000000e+00
   4.2666668e+01  -4.8583042e+01   1.0000000e+00
   4.2822596e+01  -4.8597935e+01   1.0000000e+00
   4.3000000e+01  -4.8617640e+01   1.0000000e+00
   4.3333332e+01  -4.8634452e+01   1.0000000e+00
   4.3666668e+01  -4.8629287e+01   1.0000000e+00
   4.3906477e+01  -4.8597935e+01   1.0000000e+00
   4.4000000e+01  -4.8586210e+01   1.0000000e+00
   4.4333332e+01  -4.8506299e+01   1.0000000e+00
   4.4666668e+01  -4.8426754e+01   1.0000000e+00
   4.4893794e+01  -4.8377007e+01   1.0000000e+00
   4.5000000e+01  -4.8357388e+01   1.0000000e+00
   4.5333332e+01  -4.8285533e+01   1.0000000e+00
   4.5666668e+01  -4.8197225e+01   1.0000000e+00
   4.5823325e+01  -4.8155117e+01   1.0000000e+00
   4.6000000e+01  -4.8105726e+01   1.0000000e+00
   4.6333332e+01  -4.8028354e+01   1.0000000e+00
   4.6666668e+01  -4.7948748e+01   1.0000000e+00
   4.6720264e+01  -4.7932262e+01   1.0000000e+00
   4.7000000e+01  -4.7836644e+01   1.0000000e+00
   4.7280685e+01  -4.7708447e+01   1.0000000e+00
   4.7333332e+01  -4.7679255e+01   1.0000000e+00
   4.7666668e+01  -4.7485516e+01   1.0000000e+00
   4.7670151e+01  -4.7483662e+01   1.0000000e+00
   4.8000000e+01  -4.7290009e+01   1.0000000e+00
   4.8074463e+01  -4.7257912e+01   1.0000000e+00
   4.8333332e+01  -4.7149258e+01   1.0000000e+00
   4.8627728e+01  -4.7031197e+01   1.0000000e+00
   4.8666668e+01  -4.7008992e+01   1.0000000e+00
   4.9000000e+01  -4.6830128e+01   1.0000000e+00
   4.9051506e+01  -4.6803513e+01   1.0000000e+00
   4.9333332e+01  -4.6761093e+01   1.0000000e+00
   4.9666668e+01  -4.6730293e+01   1.0000000e+00
   5.0000000e+01  -4.6709008e+01   1.0000000e+00
   5.0137770e+01  -4.6803513e+01   1.0000000e+00
   5.0333332e+01  -4.6913846e+01   1.0000000e+00
   5.0666668e+01  -4.6913352e+01   1.0000000e+00
   5.1000000e+01  -4.6913526e+01   1.0000000e+00
   5.1203583e+01  -4.6803513e+01   1.0000000e+00
   5.1333332e+01  -4.6714509e+01   1.0000000e+00
   5.1463083e+01  -4.6803513e+01   1.0000000e+00
   5.1666668e+01  -4.6924183e+01   1.0000000e+00
   5.1904768e+01  -4.6803513e+01   1.0000000e+00
   5.2000000e+01  -4.6738187e+01   1.0000000e+00
   5.2333332e+01  -4.6769162e+01   1.0000000e+00
   5.2601433e+01  -4.6803513e+01   1.0000000e+00
   5.2666668e+01  -4.6836684e+01   1.0000000e+00
   5.3000000e+01  -4.6980050e+01   1.0000000e+00
   5.3128003e+01  -4.7031197e+01   1.0000000e+00
   5.3333332e+01  -4.7105267e+01   1.0000000e+00
   5.3666668e+01  -4.7233114e+01   1.0000000e+00
   5.3719470e+01  -4.7257912e+01   1.0000000e+00
   5.4000000e+01  -4.7390716e+01   1.0000000e+00
   5.4208008e+01  -4.7483662e+01   1.0000000e+00
   5.4333332e+01  -4.7536276e+01   1.0000000e+00
   5.4666668e+01  -4.7640290e+01   1.0000000e+00
   5.5000000e+01  -4.7707406e+01   1.0000000e+00
   5.5005684e+01  -4.7708447e+01   1.0000000e+00
   5.5333332e+01  -4.7767636e+01   1.0000000e+00
   5.5666668e+01  -4.7833515e+01   1.0000000e+00
   5.6000000e+01  -4.7908116e+01   1.0000000e+00
   5.6082456e+01  -4.7932262e+01   1.0000000e+00
   5.6333332e+01  -4.8012779e+01   1.0000000e+00
   5.6666668e+01  -4.8127007e+01   1.0000000e+00
   5.6760451e+01  -4.8155117e+01   1.0000000e+00
   5.7000000e+01  -4.8226015e+01   1.0000000e+00
   5.7333332e+01  -4.8299955e+01   1.0000000e+00
   5.7666668e+01  -4.8364112e+01   1.0000000e+00
   5.7746234e+01  -4.8377007e+01   1.0000000e+00
   5.8000000e+01  -4.8418771e+01   1.0000000e+00
   5.8333332e+01  -4.8445420e+01   1.0000000e+00
   5.8666668e+01  -4.8455299e+01   1.0000000e+00
   5.9000000e+01  -4.8455133e+01   1.0000000e+00
   5.9333332e+01  -4.8440371e+01   1.0000000e+00
   5.9666668e+01  -4.8405429e+01   1.0000000e+00
   5.9820064e+01  -4.8377007e+01   1.0000000e+00
   6.0000000e+01  -4.8346627e+01   1.0000000e+00
   6.0333332e+01  -4.8267460e+01   1.0000000e+00
   6.0666668e+01  -4.8188486e+01   1.0000000e+00
   6.0826384e+01  -4.8155117e+01   1.0000000e+00
   6.1000000e+01  -4.8123268e+01   1.0000000e+00
   6.1333332e+01  -4.8068081e+01   1.0000000e+00
   6.1666668e+01  -4.8029317e+01   1.0000000e+00
   6.2000000e+01  -4.7995488e+01   1.0000000e+00
   6.2333332e+01  -4.7942959e+01   1.0000000e+00
   6.2379983e+01  -4.7932262e+01   1.0000000e+00
   6.2666668e+01  -4.7872640e+01   1.0000000e+00
   6.3000000e+01  -4.7761302e+01   1.0000000e+00
   6.3111058e+01  -4.7708447e+01   1.0000000e+00
   6.3333332e+01  -4.7577868e+01   1.0000000e+00
   6.3494529e+01  -4.7483662e+01   1.0000000e+00
   6.3666668e+01  -4.7402346e+01   1.0000000e+00
   6.4000000e+01  -4.7278465e+01   1.0000000e+00
   6.4078445e+01  -4.7257912e+01   1.0000000e+00
   6.4333336e+01  -4.7185462e+01   1.0000000e+00
   6.4666664e+01  -4.7099048e+01   1.0000000e+00
   6.5000000e+01  -4.7032483e+01   1.0000000e+00
   6.5333336e+01  -4.7031528e+01   1.0000000e+00
   6.5333823e+01  -4.7031197e+01   1.0000000e+00
   6.5666664e+01  -4.6811011e+01   1.0000000e+00
   6.5677641e+01  -4.6803513e+01   1.0000000e+00
   6.6000000e+01  -4.6588245e+01   1.0000000e+00
   6.6019513e+01  -4.6574860e+01   1.0000000e+00
   6.6333336e+01  -4.6365940e+01   1.0000000e+00
   6.6363384e+01  -4.6345242e+01   1.0000000e+00
   6.6666664e+01  -4.6142193e+01   1.0000000e+00
   6.7000000e+01  -4.6142170e+01   1.0000000e+00
   6.7039781e+01  -4.6114651e+01   1.0000000e+00
   6.7333336e+01  -4.5918078e+01   1.0000000e+00
   6.7383695e+01  -4.5883095e+01   1.0000000e+00
   6.7666664e+01  -4.5694822e+01   1.0000000e+00
   6.8000000e+01  -4.5696327e+01   1.0000000e+00
   6.8280675e+01  -4.5883095e+01   1.0000000e+00
   6.8333336e+01  -4.5919676e+01   1.0000000e+00
   6.8626723e+01  -4.6114651e+01   1.0000000e+00
   6.8638931e+01  -4.6345242e+01   1.0000000e+00
   6.8666664e+01  -4.6364346e+01   1.0000000e+00
   6.8981843e+01  -4.6574860e+01   1.0000000e+00
   6.9000000e+01  -4.6587315e+01   1.0000000e+00
   6.9333336e+01  -4.6589976e+01   1.0000000e+00
   6.9645017e+01  -4.6803513e+01   1.0000000e+00
   6.9666664e+01  -4.6818299e+01   1.0000000e+00
   6.9688312e+01  -4.6803513e+01   1.0000000e+00
   7.0000000e+01  -4.6597734e+01   1.0000000e+00
   7.0333336e+01  -4.6601393e+01   1.0000000e+00
   7.0666664e+01  -4.6604653e+01   1.0000000e+00
   7.1000000e+01  -4.6607551e+01   1.0000000e+00
   7.1047658e+01  -4.6574860e+01   1.0000000e+00
   7.1333336e+01  -4.6388286e+01   1.0000000e+00
   7.1666664e+01  -4.6389976e+01   1.0000000e+00
   7.1954058e+01  -4.6574860e+01   1.0000000e+00
   7.1975572e+01  -4.6803513e+01   1.0000000e+00
   7.2000000e+01  -4.6820198e+01   1.0000000e+00
   7.2333336e+01  -4.6975867e+01   1.0000000e+00
   7.2666664e+01  -4.6939557e+01   1.0000000e+00
   7.3000000e+01  -4.6921297e+01   1.0000000e+00
   7.3333336e+01  -4.6941502e+01   1.0000000e+00
   7.3666664e+01  -4.6970090e+01   1.0000000e+00
   7.4000000e+01  -4.7003954e+01   1.0000000e+00
   7.4213690e+01  -4.7031197e+01   1.0000000e+00
   7.4333336e+01  -4.7048100e+01   1.0000000e+00
   7.4666664e+01  -4.7099197e+01   1.0000000e+00
   7.5000000e+01  -4.7151439e+01   1.0000000e+00
   7.5333336e+01  -4.7202654e+01   1.0000000e+00
   7.5666664e+01  -4.7250229e+01   1.0000000e+00
   7.5724158e+01  -4.7257912e+01   1.0000000e+00
   7.6000000e+01  -4.7295375e+01   1.0000000e+00
   7.6333336e+01  -4.7340304e+01   1.0000000e+00
   7.6666664e+01  -4.7387705e+01   1.0000000e+00
   7.7000000e+01  -4.7433201e+01   1.0000000e+00
   7.7333336e+01  -4.7475904e+01   1.0000000e+00
   7.7395769e+01  -4.7483662e+01   1.0000000e+00
   7.7666664e+01  -4.7519951e+01   1.0000000e+00
   7.8000000e+01  -4.7577235e+01   1.0000000e+00
   7.8333336e+01  -4.7661400e+01   1.0000000e+00
   7.8488950e+01  -4.7708447e+01   1.0000000e+00
   7.8666664e+01  -4.7768486e+01   1.0000000e+00
   7.9000000e+01  -4.7866703e+01   1.0000000e+00
   7.9333336e+01  -4.7929879e+01   1.0000000e+00
   7.9355777e+01  -4.7932262e+01   1.0000000e+00
   7.9666664e+01  -4.7967640e+01   1.0000000e+00
   8.0000000e+01  -4.7986075e+01   1.0000000e+00
   8.0333336e+01  -4.8009155e+01   1.0000000e+00
   8.0666664e+01  -4.8064040e+01   1.0000000e+00
   8.1000000e+01  -4.8153790e+01   1.0000000e+00
   8.1004646e+01  -4.8155117e+01   1.0000000e+00
   8.1333336e+01  -4.8251439e+01   1.0000000e+00
   8.1666664e+01  -4.8351443e+01   1.0000000e+00
   8.1740614e+01  -4.8377007e+01   1.0000000e+00
   8.2000000e+01  -4.8485207e+01   1.0000000e+00
   8.2236564e+01  -4.8597935e+01   1.0000000e+00
   8.2333336e+01  -4.8653526e+01   1.0000000e+00
   8.2641851e+01  -4.8817902e+01   1.0000000e+00
   8.2666664e+01  -4.8830657e+01   1.0000000e+00
   8.3000000e+01  -4.8978378e+01   1.0000000e+00
   8.3146558e+01  -4.9036907e+01   1.0000000e+00
   8.3333336e+01  -4.9113501e+01   1.0000000e+00
   8.3666664e+01  -4.9248157e+01   1.0000000e+00
   8.3684049e+01  -4.9254951e+01   1.0000000e+00
   8.4000000e+01  -4.9363511e+01   1.0000000e+00
   8.4333336e+01  -4.9445915e+01   1.0000000e+00
   8.4446523e+01  -4.9472034e+01   1.0000000e+00
   8.4666664e+01  -4.9521579e+01   1.0000000e+00
   8.5000000e+01  -4.9601894e+01   1.0000000e+00
   8.5333336e+01  -4.9675092e+01   1.0000000e+00
   8.5391114e+01  -4.9688164e+01   1.0000000e+00
   8.5666664e+01  -4.9760163e+01   1.0000000e+00
   8.6000000e+01  -4.9890990e+01   1.0000000e+00
   8.6024182e+01  -4.9903336e+01   1.0000000e+00
   8.6333336e+01  -5.0052924e+01   1.0000000e+00
   8.6469604e+01  -5.0117550e+01   1.0000000e+00
   8.6666664e+01  -5.0202999e+01   1.0000000e+00
   8.6955912e+01  -5.0330811e+01   1.0000000e+00
   8.7000000e+01  -5.0350581e+01   1.0000000e+00
   8.7333336e+01  -5.0489222e+01   1.0000000e+00
   8.7505917e+01  -5.0543118e+01   1.0000000e+00
   8.7666664e+01  -5.0595822e+01   1.0000000e+00
   8.8000000e+01  -5.0663977e+01   1.0000000e+00
   8.8333336e+01  -5.0716711e+01   1.0000000e+00
   8.8519727e+01  -5.0754475e+01   1.0000000e+00
   8.8666664e+01  -5.0781348e+01   1.0000000e+00
   8.9000000e+01  -5.0858322e+01   1.0000000e+00
   8.9333336e+01  -5.0933289e+01   1.0000000e+00
   8.9514566e+01  -5.0964882e+01   1.0000000e+00
   8.9666664e+01  -5.0989095e+01   1.0000000e+00
   9.0000000e+01  -5.1016816e+01   1.0000000e+00
   9.0333336e+01  -5.1020312e+01   1.0000000e+00
   9.0666664e+01  -5.0999336e+01   1.0000000e+00
   9.0904412e+01  -5.0964882e+01   1.0000000e+00
   9.1000000e+01  -5.0950533e+01   1.0000000e+00
   9.1333336e+01  -5.0895826e+01   1.0000000e+00
   9.1666664e+01  -5.0860859e+01   1.0000000e+00
   9.2000000e+01  -5.0839855e+01   1.0000000e+00
   9.2333336e+01  -5.0812091e+01   1.0000000e+00
   9.2666664e+01  -5.0778700e+01   1.0000000e+00
   9.2914735e+01  -5.0754475e+01   1.0000000e+00
   9.3000000e+01  -5.0745771e+01   1.0000000e+00
   9.3333336e+01  -5.0712918e+01   1.0000000e+00
   9.3666664e+01  -5.0679600e+01   1.0000000e+00
   9.4000000e+01  -5.0645974e+01   1.0000000e+00
   9.4333336e+01  -5.0610150e+01   1.0000000e+00
   9.4666664e+01  -5.0555078e+01   1.0000000e+00
   9.4722729e+01  -5.0543118e+01   1.0000000e+00
   9.5000000e+01  -5.0474447e+01   1.0000000e+00
   9.5333336e+01  -5.0430416e+01   1.0000000e+00
   9.5666664e+01  -5.0425067e+01   1.0000000e+00
   9.6000000e+01  -5.0403209e+01   1.0000000e+00
   9.6268978e+01  -5.0330811e+01   1.0000000e+00
   9.6333336e+01  -5.0304318e+01   1.0000000e+00
   9.6632889e+01  -5.0117550e+01   1.0000000e+00
   9.6666664e+01  -5.0091336e+01   1.0000000e+00
   9.6857505e+01  -4.9903336e+01   1.0000000e+00
   9.7000000e+01  -4.9733681e+01   1.0000000e+00
   9.7042214e+01  -4.9688164e+01   1.0000000e+00
   9.7333336e+01  -4.9481826e+01   1.0000000e+00
   9.7349571e+01  -4.9472034e+01   1.0000000e+00
   9.7666664e+01  -4.9304841e+01   1.0000000e+00
   9.7745479e+01  -4.9254951e+01   1.0000000e+00
   9.8000000e+01  -4.9120302e+01   1.0000000e+00
   9.8136083e+01  -4.9036907e+01   1.0000000e+00
   9.8333336e+01  -4.8935901e+01   1.0000000e+00
   9.8525767e+01  -4.8817902e+01   1.0000000e+00
   9.8666664e+01  -4.8736537e+01   1.0000000e+00
   9.8934145e+01  -4.8597935e+01   1.0000000e+00
   9.9000000e+01  -4.8572551e+01   1.0000000e+00
   9.9333336e+01  -4.8498851e+01   1.0000000e+00
   9.9666664e+01  -4.8458972e+01   1.0000000e+00
   1.0000000e+02  -4.8442171e+01   1.0000000e+00
   1.0033334e+02  -4.8444093e+01   1.0000000e+00
   1.0066666e+02  -4.8441928e+01   1.0000000e+00
   1.0100000e+02  -4.8429149e+01   1.0000000e+00
   1.0133334e+02  -4.8421193e+01   1.0000000e+00
   1.0166666e+02  -4.8427881e+01   1.0000000e+00
   1.0200000e+02  -4.8442813e+01   1.0000000e+00
   1.0233334e+02  -4.8457823e+01   1.0000000e+00
   1.0266666e+02  -4.8471334e+01   1.0000000e+00
   1.0300000e+02  -4.8492969e+01   1.0000000e+00
   1.0333334e+02  -4.8531531e+01   1.0000000e+00
   1.0366666e+02  -4.8576359e+01   1.0000000e+00
   1.0383372e+02  -4.8597935e+01   1.0000000e+00
   1.0400000e+02  -4.8620236e+01   1.0000000e+00
   1.0433334e+02  -4.8665421e+01   1.0000000e+00
   1.0466666e+02  -4.8709752e+01   1.0000000e+00
   1.0500000e+02  -4.8754989e+01   1.0000000e+00
   1.0533334e+02  -4.8811744e+01   1.0000000e+00
   1.0536272e+02  -4.8817902e+01   1.0000000e+00
   1.0566666e+02  -4.8882012e+01   1.0000000e+00
   1.0600000e+02  -4.8951439e+01   1.0000000e+00
   1.0633334e+02  -4.9007148e+01   1.0000000e+00
   1.0659928e+02  -4.9036907e+01   1.0000000e+00
   1.0666666e+02  -4.9044845e+01   1.0000000e+00
   1.0700000e+02  -4.9072093e+01   1.0000000e+00
   1.0733334e+02  -4.9093566e+01   1.0000000e+00
   1.0766666e+02  -4.9118921e+01   1.0000000e+00
   1.0800000e+02  -4.9165392e+01   1.0000000e+00
   1.0833334e+02  -4.9234676e+01   1.0000000e+00
   1.0842608e+02  -4.9254951e+01   1.0000000e+00
   1.0866666e+02  -4.9305377e+01   1.0000000e+00
   1.0900000e+02  -4.9365659e+01   1.0000000e+00
   1.0933334e+02  -4.9417774e+01   1.0000000e+00
   1.0966666e+02  -4.9462146e+01   1.0000000e+00
   1.0975102e+02  -4.9472034e+01   1.0000000e+00
   1.1000000e+02  -4.9504526e+01   1.0000000e+00
   1.1033334e+02  -4.9549730e+01   1.0000000e+00
   1.1066666e+02  -4.9596601e+01   1.0000000e+00
   1.1100000e+02  -4.9642878e+01   1.0000000e+00
   1.1133334e+02  -4.9688163e+01   1.0000000e+00
   1.1133334e+02  -4.9688164e+01   1.0000000e+00
   1.1166666e+02  -4.9733200e+01   1.0000000e+00
   1.1200000e+02  -4.9769132e+01   1.0000000e+00
   1.1233334e+02  -4.9794779e+01   1.0000000e+00
   1.1266666e+02  -4.9817236e+01   1.0000000e+00
   1.1300000e+02  -4.9845853e+01   1.0000000e+00
   1.1333334e+02  -4.9881114e+01   1.0000000e+00
   1.1352142e+02  -4.9903336e+01   1.0000000e+00
   1.1366666e+02  -4.9920473e+01   1.0000000e+00
   1.1400000e+02  -4.9958870e+01   1.0000000e+00
   1.1433334e+02  -4.9997723e+01   1.0000000e+00
   1.1466666e+02  -5.0034306e+01   1.0000000e+00
   1.1500000e+02  -5.0070571e+01   1.0000000e+00
   1.1533334e+02  -5.0115936e+01   1.0000000e+00
   1.1534386e+02  -5.0117550e+01   1.0000000e+00
   1.1566666e+02  -5.0168815e+01   1.0000000e+00
   1.1600000e+02  -5.0224071e+01   1.0000000e+00
   1.1633334e+02  -5.0301183e+01   1.0000000e+00
   1.1644347e+02  -5.0330811e+01   1.0000000e+00
   1.1666666e+02  -5.0388032e+01   1.0000000e+00
   1.1700000e+02  -5.0480391e+01   1.0000000e+00
   1.1720994e+02  -5.0543118e+01   1.0000000e+00
   1.1733334e+02  -5.0580527e+01   1.0000000e+00
   1.1766666e+02  -5.0678765e+01   1.0000000e+00
   1.1793778e+02  -5.0754475e+01   1.0000000e+00
   1.1800000e+02  -5.0768654e+01   1.0000000e+00
   1.1833334e+02  -5.0843811e+01   1.0000000e+00
   1.1866666e+02  -5.0929743e+01   1.0000000e+00
   1.1878456e+02  -5.0964882e+01   1.0000000e+00
   1.1900000e+02  -5.1024752e+01   1.0000000e+00
   1.1933334e+02  -5.1111328e+01   1.0000000e+00
   1.1966666e+02  -5.1171754e+01   1.0000000e+00
   1.1969519e+02  -5.1174343e+01   1.0000000e+00
   1.2000000e+02  -5.1199047e+01   1.0000000e+00
   1.2033334e+02  -5.1217338e+01   1.0000000e+00
   1.2066666e+02  -5.1241808e+01   1.0000000e+00
   1.2100000e+02  -5.1273358e+01   1.0000000e+00
   1.2133334e+02  -5.1309116e+01   1.0000000e+00
   1.2166666e+02  -5.1352793e+01   1.0000000e+00
   1.2185227e+02  -5.1382851e+01   1.0000000e+00
   1.2200000e+02  -5.1411505e+01   1.0000000e+00
   1.2233334e+02  -5.1495612e+01   1.0000000e+00
   1.2263869e+02  -5.1590416e+01   1.0000000e+00
   1.2266666e+02  -5.1602520e+01   1.0000000e+00
   1.2300000e+02  -5.1756178e+01   1.0000000e+00
   1.2310128e+02  -5.1797039e+01   1.0000000e+00
   1.2333334e+02  -5.1902173e+01   1.0000000e+00
   1.2360191e+02  -5.2002716e+01   1.0000000e+00
   1.2366666e+02  -5.2030708e+01   1.0000000e+00
   1.2400000e+02  -5.2159819e+01   1.0000000e+00
   1.2413722e+02  -5.2207455e+01   1.0000000e+00
   1.2433334e+02  -5.2267125e+01   1.0000000e+00
   1.2466666e+02  -5.2368404e+01   1.0000000e+00
   1.2478823e+02  -5.2411255e+01   1.0000000e+00
   1.2500000e+02  -5.2483820e+01   1.0000000e+00
   1.2533334e+02  -5.2581340e+01   1.0000000e+00
   1.2547751e+02  -5.2614117e+01   1.0000000e+00
   1.2566666e+02  -5.2654031e+01   1.0000000e+00
   1.2600000e+02  -5.2725438e+01   1.0000000e+00
   1.2633334e+02  -5.2782499e+01   1.0000000e+00
   1.2660151e+02  -5.2816040e+01   1.0000000e+00
   1.2666666e+02  -5.2825961e+01   1.0000000e+00
   1.2700000e+02  -5.2892235e+01   1.0000000e+00
   1.2733334e+02  -5.2993253e+01   1.0000000e+00
   1.2739635e+02  -5.3017033e+01   1.0000000e+00
   1.2766666e+02  -5.3135134e+01   1.0000000e+00
   1.2785955e+02  -5.3217094e+01   1.0000000e+00
   1.2800000e+02  -5.3270121e+01   1.0000000e+00
   1.2833333e+02  -5.3370224e+01   1.0000000e+00
   1.2849781e+02  -5.3416225e+01   1.0000000e+00
   1.2866667e+02  -5.3464995e+01   1.0000000e+00
   1.2900000e+02  -5.3583095e+01   1.0000000e+00
   1.2908470e+02  -5.3614426e+01   1.0000000e+00
   1.2933333e+02  -5.3705299e+01   1.0000000e+00
   1.2966667e+02  -5.3809695e+01   1.0000000e+00
   1.2967521e+02  -5.3811703e+01   1.0000000e+00
   1.3000000e+02  -5.3886567e+01   1.0000000e+00
   1.3033333e+02  -5.3954587e+01   1.0000000e+00
   1.3061374e+02  -5.4008053e+01   1.0000000e+00
   1.3066667e+02  -5.4016011e+01   1.0000000e+00
   1.3100000e+02  -5.4069952e+01   1.0000000e+00
   1.3133333e+02  -5.4128962e+01   1.0000000e+00
   1.3166667e+02  -5.4183383e+01   1.0000000e+00
   1.3182746e+02  -5.4203484e+01   1.0000000e+00
   1.3200000e+02  -5.4223331e+01   1.0000000e+00
   1.3233333e+02  -5.4244085e+01   1.0000000e+00
   1.3266667e+02  -5.4262644e+01   1.0000000e+00
   1.3300000e+02  -5.4284823e+01   1.0000000e+00
   1.3333333e+02  -5.4287316e+01   1.0000000e+00
   1.3366667e+02  -5.4267204e+01   1.0000000e+00
   1.3400000e+02  -5.4220418e+01   1.0000000e+00
   1.3406845e+02  -5.4203484e+01   1.0000000e+00
   1.3433333e+02  -5.4143755e+01   1.0000000e+00
   1.3466667e+02  -5.4062642e+01   1.0000000e+00
   1.3486109e+02  -5.4008053e+01   1.0000000e+00
   1.3500000e+02  -5.3968667e+01   1.0000000e+00
   1.3533333e+02  -5.3873289e+01   1.0000000e+00
   1.3557444e+02  -5.3811703e+01   1.0000000e+00
   1.3566667e+02  -5.3787525e+01   1.0000000e+00
   1.3600000e+02  -5.3699344e+01   1.0000000e+00
   1.3624896e+02  -5.3614426e+01   1.0000000e+00
   1.3633333e+02  -5.3580789e+01   1.0000000e+00
   1.3666667e+02  -5.3439035e+01   1.0000000e+00
   1.3671882e+02  -5.3416225e+01   1.0000000e+00
   1.3700000e+02  -5.3277065e+01   1.0000000e+00
   1.3712351e+02  -5.3217094e+01   1.0000000e+00
   1.3733333e+02  -5.3105903e+01   1.0000000e+00
   1.3751609e+02  -5.3017033e+01   1.0000000e+00
   1.3766667e+02  -5.2963341e+01   1.0000000e+00
   1.3800000e+02  -5.2849123e+01   1.0000000e+00
   1.3810986e+02  -5.2816040e+01   1.0000000e+00
   1.3833333e+02  -5.2750480e+01   1.0000000e+00
   1.3866667e+02  -5.2675491e+01   1.0000000e+00
   1.3900000e+02  -5.2637646e+01   1.0000000e+00
   1.3933333e+02  -5.2640898e+01   1.0000000e+00
   1.3966667e+02  -5.2659512e+01   1.0000000e+00
   1.4000000e+02  -5.2688152e+01   1.0000000e+00
   1.4033333e+02  -5.2725935e+01   1.0000000e+00
   1.4066667e+02  -5.2756228e+01   1.0000000e+00
   1.4100000e+02  -5.2785348e+01   1.0000000e+00
   1.4125262e+02  -5.2816040e+01   1.0000000e+00
   1.4133333e+02  -5.2826374e+01   1.0000000e+00
   1.4166667e+02  -5.2874751e+01   1.0000000e+00
   1.4200000e+02  -5.2920101e+01   1.0000000e+00
   1.4233333e+02  -5.2961569e+01   1.0000000e+00
   1.4266667e+02  -5.2998179e+01   1.0000000e+00
   1.4283791e+02  -5.3017033e+01   1.0000000e+00
   1.4300000e+02  -5.3036603e+01   1.0000000e+00
   1.4333333e+02  -5.3086438e+01   1.0000000e+00
   1.4366667e+02  -5.3143311e+01   1.0000000e+00
   1.4400000e+02  -5.3204935e+01   1.0000000e+00
   1.4406143e+02  -5.3217094e+01   1.0000000e+00
   1.4433333e+02  -5.3265949e+01   1.0000000e+00
   1.4466667e+02  -5.3328637e+01   1.0000000e+00
   1.4500000e+02  -5.3402057e+01   1.0000000e+00
   1.4505322e+02  -5.3416225e+01   1.0000000e+00
   1.4533333e+02  -5.3501092e+01   1.0000000e+00
   1.4566667e+02  -5.3611067e+01   1.0000000e+00
   1.4567596e+02  -5.3614426e+01   1.0000000e+00
   1.4600000e+02  -5.3736922e+01   1.0000000e+00
   1.4618645e+02  -5.3811703e+01   1.0000000e+00
   1.4633333e+02  -5.3868582e+01   1.0000000e+00
   1.4666667e+02  -5.3994461e+01   1.0000000e+00
   1.4670436e+02  -5.4008053e+01   1.0000000e+00
   1.4700000e+02  -5.4106848e+01   1.0000000e+00
   1.4733333e+02  -5.4202512e+01   1.0000000e+00
   1.4733769e+02  -5.4203484e+01   1.0000000e+00
   1.4766667e+02  -5.4270154e+01   1.0000000e+00
   1.4800000e+02  -5.4323678e+01   1.0000000e+00
   1.4833333e+02  -5.4376806e+01   1.0000000e+00
   1.4844313e+02  -5.4397995e+01   1.0000000e+00
   1.4866667e+02  -5.4440882e+01   1.0000000e+00
   1.4900000e+02  -5.4519558e+01   1.0000000e+00
   1.4928409e+02  -5.4591587e+01   1.0000000e+00
   1.4933333e+02  -5.4603518e+01   1.0000000e+00
   1.4966667e+02  -5.4683385e+01   1.0000000e+00
   1.5000000e+02  -5.4767119e+01   1.0000000e+00
   1.5006896e+02  -5.4784260e+01   1.0000000e+00
   1.5033333e+02  -5.4847926e+01   1.0000000e+00
   1.5066667e+02  -5.4916340e+01   1.0000000e+00
   1.5100000e+02  -5.4965041e+01   1.0000000e+00
   1.5111495e+02  -5.4976025e+01   1.0000000e+00
   1.5133333e+02  -5.4997936e+01   1.0000000e+00
   1.5166667e+02  -5.5038164e+01   1.0000000e+00
   1.5200000e+02  -5.5094518e+01   1.0000000e+00
   1.5233333e+02  -5.5127911e+01   1.0000000e+00
   1.5266667e+02  -5.5123097e+01   1.0000000e+00
   1.5300000e+02  -5.5125964e+01   1.0000000e+00
   1.5333333e+02  -5.5154485e+01   1.0000000e+00
   1.5342606e+02  -5.5166874e+01   1.0000000e+00
   1.5366667e+02  -5.5207113e+01   1.0000000e+00
   1.5400000e+02  -5.5252873e+01   1.0000000e+00
   1.5433333e+02  -5.5274880e+01   1.0000000e+00
   1.5466667e+02  -5.5278658e+01   1.0000000e+00
   1.5500000e+02  -5.5265486e+01   1.0000000e+00
   1.5533333e+02  -5.5242178e+01   1.0000000e+00
   1.5566667e+02  -5.5223052e+01   1.0000000e+00
   1.5600000e+02  -5.5212193e+01   1.0000000e+00
   1.5633333e+02  -5.5205304e+01   1.0000000e+00
   1.5666667e+02  -5.5203953e+01   1.0000000e+00
   1.5700000e+02  -5.5189895e+01   1.0000000e+00
   1.5720077e+02  -5.5166874e+01   1.0000000e+00
   1.5733333e+02  -5.5149110e+01   1.0000000e+00
   1.5766667e+02  -5.5087361e+01   1.0000000e+00
   1.5800000e+02  -5.5024889e+01   1.0000000e+00
   1.5823590e+02  -5.4976025e+01   1.0000000e+00
   1.5833333e+02  -5.4958691e+01   1.0000000e+00
   1.5833819e+02  -5.4976025e+01   1.0000000e+00
   1.5837853e+02  -5.5166874e+01   1.0000000e+00
   1.5866667e+02  -5.5309748e+01   1.0000000e+00
   1.5894063e+02  -5.5166874e+01   1.0000000e+00
   1.5897395e+02  -5.4976025e+01   1.0000000e+00
   1.5900000e+02  -5.4848763e+01   1.0000000e+00
   1.5933333e+02  -5.4832474e+01   1.0000000e+00
   1.5966667e+02  -5.4831547e+01   1.0000000e+00
   1.6000000e+02  -5.4840293e+01   1.0000000e+00
   1.6033333e+02  -5.4835131e+01   1.0000000e+00
   1.6066667e+02  -5.4846299e+01   1.0000000e+00
   1.6100000e+02  -5.4881761e+01   1.0000000e+00
   1.6133333e+02  -5.4958347e+01   1.0000000e+00
   1.6138924e+02  -5.4976025e+01   1.0000000e+00
   1.6166667e+02  -5.5061981e+01   1.0000000e+00
   1.6200000e+02  -5.5160995e+01   1.0000000e+00
   1.6202424e+02  -5.5166874e+01   1.0000000e+00
   1.6233333e+02  -5.5235627e+01   1.0000000e+00
   1.6266667e+02  -5.5297001e+01   1.0000000e+00
   1.6294903e+02  -5.5356815e+01   1.0000000e+00
   1.6300000e+02  -5.5368925e+01   1.0000000e+00
   1.6333333e+02  -5.5490828e+01   1.0000000e+00
   1.6345198e+02  -5.5545853e+01   1.0000000e+00
   1.6366667e+02  -5.5663046e+01   1.0000000e+00
   1.6378211e+02  -5.5733982e+01   1.0000000e+00
   1.6400000e+02  -5.5876984e+01   1.0000000e+00
   1.6406201e+02  -5.5921211e+01   1.0000000e+00
   1.6428358e+02  -5.6107536e+01   1.0000000e+00
   1.6433333e+02  -5.6155962e+01   1.0000000e+00
   1.6447507e+02  -5.6292969e+01   1.0000000e+00
   1.6466667e+02  -5.6477050e+01   1.0000000e+00
   1.6466711e+02  -5.6477505e+01   1.0000000e+00
   1.6483456e+02  -5.6661144e+01   1.0000000e+00
   1.6500000e+02  -5.6828055e+01   1.0000000e+00
   1.6501416e+02  -5.6843895e+01   1.0000000e+00
   1.6519820e+02  -5.7025761e+01   1.0000000e+00
   1.6533333e+02  -5.7170795e+01   1.0000000e+00
   1.6536407e+02  -5.7206738e+01   1.0000000e+00
   1.6549663e+02  -5.7386833e+01   1.0000000e+00
   1.6561704e+02  -5.7566048e+01   1.0000000e+00
   1.6566667e+02  -5.7630034e+01   1.0000000e+00
   1.6576619e+02  -5.7744385e+01   1.0000000e+00
   1.6593322e+02  -5.7921848e+01   1.0000000e+00
   1.6600000e+02  -5.8000049e+01   1.0000000e+00
   1.6609058e+02  -5.8098438e+01   1.0000000e+00
   1.6622592e+02  -5.8274158e+01   1.0000000e+00
   1.6633333e+02  -5.8422285e+01   1.0000000e+00
   1.6635281e+02  -5.8449009e+01   1.0000000e+00
   1.6655669e+02  -5.8622997e+01   1.0000000e+00
   1.6666667e+02  -5.8690678e+01   1.0000000e+00
   1.6686499e+02  -5.8796120e+01   1.0000000e+00
   1.6700000e+02  -5.8859348e+01   1.0000000e+00
   1.6723055e+02  -5.8968388e+01   1.0000000e+00
   1.6733333e+02  -5.9010955e+01   1.0000000e+00
   1.6761810e+02  -5.9139797e+01   1.0000000e+00
   1.6766667e+02  -5.9162066e+01   1.0000000e+00
   1.6800000e+02  -5.9306552e+01   1.0000000e+00
   1.6801110e+02  -5.9310352e+01   1.0000000e+00
   1.6833333e+02  -5.9423327e+01   1.0000000e+00
   1.6854026e+02  -5.9480057e+01   1.0000000e+00
   1.6866667e+02  -5.9512346e+01   1.0000000e+00
   1.6900000e+02  -5.9580458e+01   1.0000000e+00
   1.6933333e+02  -5.9639643e+01   1.0000000e+00
   1.6937955e+02  -5.9648911e+01   1.0000000e+00
   1.6966667e+02  -5.9708558e+01   1.0000000e+00
   1.7000000e+02  -5.9784732e+01   1.0000000e+00
   1.7016545e+02  -5.9816921e+01   1.0000000e+00
   1.7033333e+02  -5.9848978e+01   1.0000000e+00
   1.7066667e+02  -5.9907481e+01   1.0000000e+00
   1.7100000e+02  -5.9964196e+01   1.0000000e+00
   1.7111727e+02  -5.9984089e+01   1.0000000e+00
   1.7133333e+02  -6.0020692e+01   1.0000000e+00
   1.7166667e+02  -6.0077398e+01   1.0000000e+00
   1.7200000e+02  -6.0128391e+01   1.0000000e+00
   1.7217033e+02  -6.0150417e+01   1.0000000e+00
   1.7233333e+02  -6.0171644e+01   1.0000000e+00
   1.7266667e+02  -6.0206225e+01   1.0000000e+00
   1.7300000e+02  -6.0226900e+01   1.0000000e+00
   1.7333333e+02  -6.0224347e+01   1.0000000e+00
   1.7366667e+02  -6.0205303e+01   1.0000000e+00
   1.7400000e+02  -6.0181742e+01   1.0000000e+00
   1.7433333e+02  -6.0165170e+01   1.0000000e+00
   1.7466667e+02  -6.0166070e+01   1.0000000e+00
   1.7500000e+02  -6.0175208e+01   1.0000000e+00
   1.7533333e+02  -6.0180446e+01   1.0000000e+00
   1.7566667e+02  -6.0184283e+01   1.0000000e+00
   1.7600000e+02  -6.0169394e+01   1.0000000e+00
   1.7612059e+02  -6.0150417e+01   1.0000000e+00
   1.7633333e+02  -6.0105612e+01   1.0000000e+00
   1.7666667e+02  -6.0014117e+01   1.0000000e+00
   1.7679499e+02  -5.9984089e+01   1.0000000e+00
   1.7700000e+02  -5.9902928e+01   1.0000000e+00
   1.7727279e+02  -5.9816921e+01   1.0000000e+00
   1.7733333e+02  -5.9786129e+01   1.0000000e+00
   1.7759041e+02  -5.9648911e+01   1.0000000e+00
   1.7766667e+02  -5.9596178e+01   1.0000000e+00
   1.7781902e+02  -5.9480057e+01   1.0000000e+00
   1.7800000e+02  -5.9342404e+01   1.0000000e+00
   1.7803736e+02  -5.9310352e+01   1.0000000e+00
   1.7827587e+02  -5.9139797e+01   1.0000000e+00
   1.7833333e+02  -5.9102246e+01   1.0000000e+00
   1.7850749e+02  -5.8968388e+01   1.0000000e+00
   1.7866667e+02  -5.8874215e+01   1.0000000e+00
   1.7885925e+02  -5.8796120e+01   1.0000000e+00
   1.7900000e+02  -5.8746581e+01   1.0000000e+00
   1.7933333e+02  -5.8731007e+01   1.0000000e+00
   1.7966667e+02  -5.8782438e+01   1.0000000e+00
   1.7972762e+02  -5.8796120e+01   1.0000000e+00
   1.8000000e+02  -5.8864503e+01   1.0000000e+00
   1.8033333e+02  -5.8916315e+01   1.0000000e+00
   1.8066667e+02  -5.8940867e+01   1.0000000e+00
   1.8100000e+02  -5.8957291e+01   1.0000000e+00
   1.8133333e+02  -5.8963903e+01   1.0000000e+00
   1.8166667e+02  -5.8951827e+01   1.0000000e+00
   1.8200000e+02  -5.8937448e+01   1.0000000e+00
   1.8233333e+02  -5.8934497e+01   1.0000000e+00
   1.8266667e+02  -5.8941512e+01   1.0000000e+00
   1.8300000e+02  -5.8954476e+01   1.0000000e+00
   1.8323520e+02  -5.8968388e+01   1.0000000e+00
   1.8333333e+02  -5.8974275e+01   1.0000000e+00
   1.8366667e+02  -5.9006158e+01   1.0000000e+00
   1.8400000e+02  -5.9047397e+01   1.0000000e+00
   1.8433333e+02  -5.9085483e+01   1.0000000e+00
   1.8466667e+02  -5.9112972e+01   1.0000000e+00
   1.8500000e+02  -5.9129820e+01   1.0000000e+00
   1.8533333e+02  -5.9134550e+01   1.0000000e+00
   1.8566667e+02  -5.9133394e+01   1.0000000e+00
   1.8600000e+02  -5.9132064e+01   1.0000000e+00
   1.8633333e+02  -5.9123139e+01   1.0000000e+00
   1.8666667e+02  -5.9106636e+01   1.0000000e+00
   1.8700000e+02  -5.9081095e+01   1.0000000e+00
   1.8733333e+02  -5.9042985e+01   1.0000000e+00
   1.8766667e+02  -5.8994845e+01   1.0000000e+00
   1.8781184e+02  -5.8968388e+01   1.0000000e+00
   1.8800000e+02  -5.8932607e+01   1.0000000e+00
   1.8833333e+02  -5.8862070e+01   1.0000000e+00
   1.8866667e+02  -5.8801752e+01   1.0000000e+00
   1.8870588e+02  -5.8796120e+01   1.0000000e+00
   1.8900000e+02  -5.8754641e+01   1.0000000e+00
   1.8933333e+02  -5.8710514e+01   1.0000000e+00
   1.8966667e+02  -5.8670588e+01   1.0000000e+00
   1.9000000e+02  -5.8633671e+01   1.0000000e+00
   1.9011624e+02  -5.8622997e+01   1.0000000e+00
   1.9033333e+02  -5.8600740e+01   1.0000000e+00
   1.9066667e+02  -5.8574483e+01   1.0000000e+00
   1.9100000e+02  -5.8554792e+01   1.0000000e+00
   1.9133333e+02  -5.8545947e+01   1.0000000e+00
   1.9166667e+02  -5.8545432e+01   1.0000000e+00
   1.9200000e+02  -5.8547457e+01   1.0000000e+00
   1.9233333e+02  -5.8550916e+01   1.0000000e+00
   1.9266667e+02  -5.8545076e+01   1.0000000e+00
   1.9300000e+02  -5.8525234e+01   1.0000000e+00
   1.9333333e+02  -5.8490161e+01   1.0000000e+00
   1.9361875e+02  -5.8449009e+01   1.0000000e+00
   1.9366667e+02  -5.8441842e+01   1.0000000e+00
   1.9400000e+02  -5.8380670e+01   1.0000000e+00
   1.9433333e+02  -5.8314990e+01   1.0000000e+00
   1.9450583e+02  -5.8274158e+01   1.0000000e+00
   1.9466667e+02  -5.8240106e+01   1.0000000e+00
   1.9500000e+02  -5.8168976e+01   1.0000000e+00
   1.9533333e+02  -5.8113133e+01   1.0000000e+00
   1.9546195e+02  -5.8098438e+01   1.0000000e+00
   1.9566667e+02  -5.8076420e+01   1.0000000e+00
   1.9600000e+02  -5.8050551e+01   1.0000000e+00
   1.9633333e+02  -5.8032970e+01   1.0000000e+00
   1.9666667e+02  -5.8023774e+01   1.0000000e+00
   1.9700000e+02  -5.8024643e+01   1.0000000e+00
   1.9733333e+02  -5.8035755e+01   1.0000000e+00
   1.9766667e+02  -5.8058668e+01   1.0000000e+00
   1.9800000e+02  -5.8094503e+01   1.0000000e+00
   1.9803416e+02  -5.8098438e+01   1.0000000e+00
   1.9833333e+02  -5.8134573e+01   1.0000000e+00
   1.9866667e+02  -5.8161811e+01   1.0000000e+00
   1.9900000e+02  -5.8165275e+01   1.0000000e+00
   1.9933333e+02  -5.8147319e+01   1.0000000e+00
   1.9966667e+02  -5.8115654e+01   1.0000000e+00
   1.9976907e+02  -5.8098438e+01   1.0000000e+00
   2.0000000e+02  -5.8057673e+01   1.0000000e+00
   2.0033333e+02  -5.7953014e+01   1.0000000e+00
   2.0041131e+02  -5.7921848e+01   1.0000000e+00
   2.0066667e+02  -5.7816629e+01   1.0000000e+00
   2.0082704e+02  -5.7744385e+01   1.0000000e+00
   2.0100000e+02  -5.7670362e+01   1.0000000e+00
   2.0122303e+02  -5.7566048e+01   1.0000000e+00
   2.0133333e+02  -5.7517221e+01   1.0000000e+00
   2.0161159e+02  -5.7386833e+01   1.0000000e+00
   2.0166667e+02  -5.7363332e+01   1.0000000e+00
   2.0200000e+02  -5.7229108e+01   1.0000000e+00
   2.0206527e+02  -5.7206738e+01   1.0000000e+00
   2.0233333e+02  -5.7125760e+01   1.0000000e+00
   2.0266667e+02  -5.7040500e+01   1.0000000e+00
   2.0272228e+02  -5.7025761e+01   1.0000000e+00
   2.0300000e+02  -5.6946600e+01   1.0000000e+00
   2.0330108e+02  -5.6843895e+01   1.0000000e+00
   2.0333333e+02  -5.6832449e+01   1.0000000e+00
   2.0366667e+02  -5.6705187e+01   1.0000000e+00
   2.0377523e+02  -5.6661144e+01   1.0000000e+00
   2.0400000e+02  -5.6574056e+01   1.0000000e+00
   2.0421576e+02  -5.6477505e+01   1.0000000e+00
   2.0433333e+02  -5.6423467e+01   1.0000000e+00
   2.0459607e+02  -5.6292969e+01   1.0000000e+00
   2.0466667e+02  -5.6257092e+01   1.0000000e+00
   2.0498650e+02  -5.6107536e+01   1.0000000e+00
   2.0500000e+02  -5.6101088e+01   1.0000000e+00
   2.0533333e+02  -5.5958986e+01   1.0000000e+00
   2.0543293e+02  -5.5921211e+01   1.0000000e+00
   2.0566667e+02  -5.5836131e+01   1.0000000e+00
   2.0600000e+02  -5.5741258e+01   1.0000000e+00
   2.0602838e+02  -5.5733982e+01   1.0000000e+00
   2.0633333e+02  -5.5656230e+01   1.0000000e+00
   2.0666667e+02  -5.5568214e+01   1.0000000e+00
   2.0674385e+02  -5.5545853e+01   1.0000000e+00
   2.0700000e+02  -5.5475568e+01   1.0000000e+00
   2.0733333e+02  -5.5389381e+01   1.0000000e+00
   2.0746152e+02  -5.5356815e+01   1.0000000e+00
   2.0766667e+02  -5.5304428e+01   1.0000000e+00
   2.0800000e+02  -5.5226771e+01   1.0000000e+00
   2.0831889e+02  -5.5166874e+01   1.0000000e+00
   2.0833333e+02  -5.5164264e+01   1.0000000e+00
   2.0866667e+02  -5.5105631e+01   1.0000000e+00
   2.0900000e+02  -5.5049892e+01   1.0000000e+00
   2.0933333e+02  -5.5003107e+01   1.0000000e+00
   2.0953541e+02  -5.4976025e+01   1.0000000e+00
   2.0966667e+02  -5.4956974e+01   1.0000000e+00
   2.1000000e+02  -5.4909507e+01   1.0000000e+00
   2.1033333e+02  -5.4870301e+01   1.0000000e+00
   2.1066667e+02  -5.4845261e+01   1.0000000e+00
   2.1100000e+02  -5.4836241e+01   1.0000000e+00
   2.1133333e+02  -5.4834726e+01   1.0000000e+00
   2.1166667e+02  -5.4832536e+01   1.0000000e+00
   2.1200000e+02  -5.4836509e+01   1.0000000e+00
   2.1233333e+02  -5.4859608e+01   1.0000000e+00
   2.1266667e+02  -5.4902039e+01   1.0000000e+00
   2.1300000e+02  -5.4958302e+01   1.0000000e+00
   2.1309609e+02  -5.4976025e+01   1.0000000e+00
   2.1333333e+02  -5.5015172e+01   1.0000000e+00
   2.1366667e+02  -5.5062978e+01   1.0000000e+00
   2.1400000e+02  -5.5098055e+01   1.0000000e+00
   2.1433333e+02  -5.5116446e+01   1.0000000e+00
   2.1466667e+02  -5.5116440e+01   1.0000000e+00
   2.1500000e+02  -5.5105180e+01   1.0000000e+00
   2.1533333e+02  -5.5087046e+01   1.0000000e+00
   2.1566667e+02  -5.5057352e+01   1.0000000e+00
   2.1600000e+02  -5.5012397e+01   1.0000000e+00
   2.1625248e+02  -5.4976025e+01   1.0000000e+00
   2.1633333e+02  -5.4965800e+01   1.0000000e+00
   2.1666667e+02  -5.4937967e+01   1.0000000e+00
   2.1700000e+02  -5.4926252e+01   1.0000000e+00
   2.1733333e+02  -5.4923421e+01   1.0000000e+00
   2.1766667e+02  -5.4928188e+01   1.0000000e+00
   2.1800000e+02  -5.4927231e+01   1.0000000e+00
   2.1833333e+02  -5.4897448e+01   1.0000000e+00
   2.1866667e+02  -5.4842402e+01   1.0000000e+00
   2.1897560e+02  -5.4784260e+01   1.0000000e+00
   2.1900000e+02  -5.4779595e+01   1.0000000e+00
   2.1933333e+02  -5.4723390e+01   1.0000000e+00
   2.1966667e+02  -5.4678966e+01   1.0000000e+00
   2.2000000e+02  -5.4651444e+01   1.0000000e+00
   2.2033333e+02  -5.4648090e+01   1.0000000e+00
   2.2066667e+02  -5.4660612e+01   1.0000000e+00
   2.2100000e+02  -5.4675204e+01   1.0000000e+00
   2.2133333e+02  -5.4673924e+01   1.0000000e+00
   2.2166667e+02  -5.4652684e+01   1.0000000e+00
   2.2200000e+02  -5.4625725e+01   1.0000000e+00
   2.2233333e+02  -5.4609127e+01   1.0000000e+00
   2.2266667e+02  -5.4603892e+01   1.0000000e+00
   2.2300000e+02  -5.4608779e+01   1.0000000e+00
   2.2333333e+02  -5.4630346e+01   1.0000000e+00
   2.2366667e+02  -5.4664738e+01   1.0000000e+00
   2.2400000e+02  -5.4705705e+01   1.0000000e+00
   2.2433333e+02  -5.4771830e+01   1.0000000e+00
   2.2439529e+02  -5.4784260e+01   1.0000000e+00
   2.2466667e+02  -5.4843855e+01   1.0000000e+00
   2.2500000e+02  -5.4916874e+01   1.0000000e+00
   2.2523260e+02  -5.4976025e+01   1.0000000e+00
   2.2533333e+02  -5.5008697e+01   1.0000000e+00
   2.2566667e+02  -5.5099296e+01   1.0000000e+00
   2.2596459e+02  -5.5166874e+01   1.0000000e+00
   2.2600000e+02  -5.5174537e+01   1.0000000e+00
   2.2633333e+02  -5.5278526e+01   1.0000000e+00
   2.2655723e+02  -5.5356815e+01   1.0000000e+00
   2.2666667e+02  -5.5397863e+01   1.0000000e+00
   2.2700000e+02  -5.5544710e+01   1.0000000e+00
   2.2700243e+02  -5.5545853e+01   1.0000000e+00
   2.2733333e+02  -5.5711380e+01   1.0000000e+00
   2.2738333e+02  -5.5733982e+01   1.0000000e+00
   2.2766667e+02  -5.5843192e+01   1.0000000e+00
   2.2787461e+02  -5.5921211e+01   1.0000000e+00
   2.2800000e+02  -5.5972980e+01   1.0000000e+00
   2.2826297e+02  -5.6107536e+01   1.0000000e+00
   2.2833333e+02  -5.6156030e+01   1.0000000e+00
   2.2852238e+02  -5.6292969e+01   1.0000000e+00
   2.2866667e+02  -5.6382603e+01   1.0000000e+00
   2.2886096e+02  -5.6477505e+01   1.0000000e+00
   2.2900000e+02  -5.6540130e+01   1.0000000e+00
   2.2929654e+02  -5.6661144e+01   1.0000000e+00
   2.2933333e+02  -5.6675255e+01   1.0000000e+00
   2.2966667e+02  -5.6822188e+01   1.0000000e+00
   2.2971080e+02  -5.6843895e+01   1.0000000e+00
   2.3000000e+02  -5.6977967e+01   1.0000000e+00
   2.3010686e+02  -5.7025761e+01   1.0000000e+00
   2.3033333e+02  -5.7125872e+01   1.0000000e+00
   2.3053816e+02  -5.7206738e+01   1.0000000e+00
   2.3066667e+02  -5.7256623e+01   1.0000000e+00
   2.3100000e+02  -5.7368995e+01   1.0000000e+00
   2.3105958e+02  -5.7386833e+01   1.0000000e+00
   2.3133333e+02  -5.7482594e+01   1.0000000e+00
   2.3155940e+02  -5.7566048e+01   1.0000000e+00
   2.3166667e+02  -5.7607542e+01   1.0000000e+00
   2.3200000e+02  -5.7715334e+01   1.0000000e+00
   2.3212231e+02  -5.7744385e+01   1.0000000e+00
   2.3233333e+02  -5.7789443e+01   1.0000000e+00
   2.3266667e+02  -5.7857811e+01   1.0000000e+00
   2.3292306e+02  -5.7921848e+01   1.0000000e+00
   2.3300000e+02  -5.7944758e+01   1.0000000e+00
   2.3333333e+02  -5.8064393e+01   1.0000000e+00
   2.3342590e+02  -5.8098438e+01   1.0000000e+00
   2.3366667e+02  -5.8202653e+01   1.0000000e+00
   2.3392520e+02  -5.8274158e+01   1.0000000e+00
   2.3400000e+02  -5.8290122e+01   1.0000000e+00
   2.3433333e+02  -5.8313254e+01   1.0000000e+00
   2.3466667e+02  -5.8322615e+01   1.0000000e+00
   2.3500000e+02  -5.8350985e+01   1.0000000e+00
   2.3533333e+02  -5.8402694e+01   1.0000000e+00
   2.3555373e+02  -5.8449009e+01   1.0000000e+00
   2.3566667e+02  -5.8473069e+01   1.0000000e+00
   2.3600000e+02  -5.8538932e+01   1.0000000e+00
   2.3633333e+02  -5.8586579e+01   1.0000000e+00
   2.3666667e+02  -5.8610848e+01   1.0000000e+00
   2.3700000e+02  -5.8605329e+01   1.0000000e+00
   2.3733333e+02  -5.8580589e+01   1.0000000e+00
   2.3766667e+02  -5.8560396e+01   1.0000000e+00
   2.3800000e+02  -5.8549576e+01   1.0000000e+00
   2.3833333e+02  -5.8532974e+01   1.0000000e+00
   2.3866667e+02  -5.8498974e+01   1.0000000e+00
   2.3900000e+02  -5.8451120e+01   1.0000000e+00
   2.3901409e+02  -5.8449009e+01   1.0000000e+00
   2.3933333e+02  -5.8393892e+01   1.0000000e+00
   2.3966667e+02  -5.8353577e+01   1.0000000e+00
   2.4000000e+02  -5.8336613e+01   1.0000000e+00
   2.4033333e+02  -5.8342536e+01   1.0000000e+00
   2.4066667e+02  -5.8370779e+01   1.0000000e+00
   2.4100000e+02  -5.8424579e+01   1.0000000e+00
   2.4112169e+02  -5.8449009e+01   1.0000000e+00
   2.4133333e+02  -5.8500336e+01   1.0000000e+00
   2.4166667e+02  -5.8564891e+01   1.0000000e+00
   2.4200000e+02  -5.8580184e+01   1.0000000e+00
   2.4233333e+02  -5.8513500e+01   1.0000000e+00
   2.4255739e+02  -5.8449009e+01   1.0000000e+00
   2.4266667e+02  -5.8425594e+01   1.0000000e+00
   2.4300000e+02  -5.8372152e+01   1.0000000e+00
   2.4333333e+02  -5.8333837e+01   1.0000000e+00
   2.4366667e+02  -5.8317660e+01   1.0000000e+00
   2.4400000e+02  -5.8329250e+01   1.0000000e+00
   2.4433333e+02  -5.8356798e+01   1.0000000e+00
   2.4466667e+02  -5.8388820e+01   1.0000000e+00
   2.4500000e+02  -5.8414288e+01   1.0000000e+00
   2.4533333e+02  -5.8429488e+01   1.0000000e+00
   2.4566667e+02  -5.8433661e+01   1.0000000e+00
   2.4600000e+02  -5.8431142e+01   1.0000000e+00
   2.4633333e+02  -5.8437196e+01   1.0000000e+00
   2.4666667e+02  -5.8446807e+01   1.0000000e+00
   2.4700000e+02  -5.8446929e+01   1.0000000e+00
   2.4717884e+02  -5.8449009e+01   1.0000000e+00
   2.4733333e+02  -5.8450498e+01   1.0000000e+00
   2.4766667e+02  -5.8463949e+01   1.0000000e+00
   2.4800000e+02  -5.8486254e+01   1.0000000e+00
   2.4833333e+02  -5.8521939e+01   1.0000000e+00
   2.4866667e+02  -5.8576647e+01   1.0000000e+00
   2.4885122e+02  -5.8622997e+01   1.0000000e+00
   2.4900000e+02  -5.8667760e+01   1.0000000e+00
   2.4932807e+02  -5.8796120e+01   1.0000000e+00
   2.4933333e+02  -5.8798142e+01   1.0000000e+00
   2.4966667e+02  -5.8907364e+01   1.0000000e+00
   2.4992515e+02  -5.8968388e+01   1.0000000e+00
   2.5000000e+02  -5.8984204e+01   1.0000000e+00
   2.5033333e+02  -5.9053996e+01   1.0000000e+00
   2.5066667e+02  -5.9133151e+01   1.0000000e+00
   2.5069139e+02  -5.9139797e+01   1.0000000e+00
   2.5100000e+02  -5.9239316e+01   1.0000000e+00
   2.5122551e+02  -5.9310352e+01   1.0000000e+00
   2.5133333e+02  -5.9340512e+01   1.0000000e+00
   2.5166667e+02  -5.9418172e+01   1.0000000e+00
   2.5194890e+02  -5.9480057e+01   1.0000000e+00
   2.5200000e+02  -5.9492777e+01   1.0000000e+00
   2.5233333e+02  -5.9588141e+01   1.0000000e+00
   2.5253503e+02  -5.9648911e+01   1.0000000e+00
   2.5266667e+02  -5.9694415e+01   1.0000000e+00
   2.5300000e+02  -5.9792241e+01   1.0000000e+00
   2.5310595e+02  -5.9816921e+01   1.0000000e+00
   2.5333333e+02  -5.9866570e+01   1.0000000e+00
   2.5366667e+02  -5.9939649e+01   1.0000000e+00
   2.5381470e+02  -5.9984089e+01   1.0000000e+00
   2.5400000e+02  -6.0050960e+01   1.0000000e+00
   2.5420462e+02  -6.0150417e+01   1.0000000e+00
   2.5433333e+02  -6.0212780e+01   1.0000000e+00
   2.5454156e+02  -6.0315907e+01   1.0000000e+00
   2.5466667e+02  -6.0363981e+01   1.0000000e+00
   2.5500000e+02  -6.0469291e+01   1.0000000e+00
   2.5504733e+02  -6.0480560e+01   1.0000000e+00
   2.5533333e+02  -6.0539064e+01   1.0000000e+00
   2.5566667e+02  -6.0590567e+01   1.0000000e+00
   2.5600000e+02  -6.0630221e+01   1.0000000e+00
   2.5619801e+02  -6.0644386e+01   1.0000000e+00
   2.5633334e+02  -6.0654113e+01   1.0000000e+00
   2.5666666e+02  -6.0674502e+01   1.0000000e+00
   2.5700000e+02  -6.0687740e+01   1.0000000e+00
   2.5733334e+02  -6.0682865e+01   1.0000000e+00
   2.5766666e+02  -6.0662493e+01   1.0000000e+00
   2.5781983e+02  -6.0644386e+01   1.0000000e+00
   2.5800000e+02  -6.0624125e+01   1.0000000e+00
   2.5833334e+02  -6.0562423e+01   1.0000000e+00
   2.5866666e+02  -6.0491400e+01   1.0000000e+00
   2.5871211e+02  -6.0480560e+01   1.0000000e+00
   2.5900000e+02  -6.0416250e+01   1.0000000e+00
   2.5933334e+02  -6.0330165e+01   1.0000000e+00
   2.5938905e+02  -6.0315907e+01   1.0000000e+00
   2.5966666e+02  -6.0252011e+01   1.0000000e+00
   2.6000000e+02  -6.0189118e+01   1.0000000e+00
   2.6029856e+02  -6.0150417e+01   1.0000000e+00
   2.6033334e+02  -6.0146004e+01   1.0000000e+00
   2.6066666e+02  -6.0109675e+01   1.0000000e+00
   2.6100000e+02  -6.0065877e+01   1.0000000e+00
   2.6133334e+02  -6.0007691e+01   1.0000000e+00
   2.6144930e+02  -5.9984089e+01   1.0000000e+00
   2.6166666e+02  -5.9938551e+01   1.0000000e+00
   2.6200000e+02  -5.9869994e+01   1.0000000e+00
   2.6223942e+02  -5.9816921e+01   1.0000000e+00
   2.6233334e+02  -5.9791726e+01   1.0000000e+00
   2.6266666e+02  -5.9676510e+01   1.0000000e+00
   2.6273381e+02  -5.9648911e+01   1.0000000e+00
   2.6300000e+02  -5.9504817e+01   1.0000000e+00
   2.6305105e+02  -5.9480057e+01   1.0000000e+00
   2.6333334e+02  -5.9376709e+01   1.0000000e+00
   2.6366666e+02  -5.9314958e+01   1.0000000e+00
   2.6375403e+02  -5.9310352e+01   1.0000000e+00
   2.6400000e+02  -5.9301527e+01   1.0000000e+00
   2.6409059e+02  -5.9310352e+01   1.0000000e+00
   2.6433334e+02  -5.9346299e+01   1.0000000e+00
   2.6466666e+02  -5.9454027e+01   1.0000000e+00
   2.6473432e+02  -5.9480057e+01   1.0000000e+00
   2.6500000e+02  -5.9588145e+01   1.0000000e+00
   2.6517730e+02  -5.9648911e+01   1.0000000e+00
   2.6533334e+02  -5.9693270e+01   1.0000000e+00
   2.6566666e+02  -5.9762653e+01   1.0000000e+00
   2.6599193e+02  -5.9816921e+01   1.0000000e+00
   2.6600000e+02  -5.9818412e+01   1.0000000e+00
   2.6633334e+02  -5.9884812e+01   1.0000000e+00
   2.6666666e+02  -5.9939574e+01   1.0000000e+00
   2.6700000e+02  -5.9973940e+01   1.0000000e+00
   2.6716086e+02  -5.9984089e+01   1.0000000e+00
   2.6733334e+02  -5.9996059e+01   1.0000000e+00
   2.6766666e+02  -6.0021918e+01   1.0000000e+00
   2.6800000e+02  -6.0064587e+01   1.0000000e+00
   2.6833334e+02  -6.0129631e+01   1.0000000e+00
   2.6841072e+02  -6.0150417e+01   1.0000000e+00
   2.6866666e+02  -6.0226092e+01   1.0000000e+00
   2.6895850e+02  -6.0315907e+01   1.0000000e+00
   2.6900000e+02  -6.0327634e+01   1.0000000e+00
   2.6933334e+02  -6.0413674e+01   1.0000000e+00
   2.6966666e+02  -6.0477295e+01   1.0000000e+00
   2.6968916e+02  -6.0480560e+01   1.0000000e+00
   2.7000000e+02  -6.0535438e+01   1.0000000e+00
   2.7033334e+02  -6.0604841e+01   1.0000000e+00
   2.7048899e+02  -6.0644386e+01   1.0000000e+00
   2.7066666e+02  -6.0683333e+01   1.0000000e+00
   2.7100000e+02  -6.0750459e+01   1.0000000e+00
   2.7132975e+02  -6.0807381e+01   1.0000000e+00
   2.7133334e+02  -6.0807897e+01   1.0000000e+00
   2.7166666e+02  -6.0847847e+01   1.0000000e+00
   2.7200000e+02  -6.0887470e+01   1.0000000e+00
   2.7233334e+02  -6.0932708e+01   1.0000000e+00
   2.7255733e+02  -6.0969551e+01   1.0000000e+00
   2.7266666e+02  -6.0985936e+01   1.0000000e+00
   2.7300000e+02  -6.1044437e+01   1.0000000e+00
   2.7333334e+02  -6.1114337e+01   1.0000000e+00
   2.7340424e+02  -6.1130898e+01   1.0000000e+00
   2.7366666e+02  -6.1199293e+01   1.0000000e+00
   2.7400000e+02  -6.1290541e+01   1.0000000e+00
   2.7400445e+02  -6.1291428e+01   1.0000000e+00
   2.7433334e+02  -6.1345426e+01   1.0000000e+00
   2.7466666e+02  -6.1368767e+01   1.0000000e+00
   2.7500000e+02  -6.1365145e+01   1.0000000e+00
   2.7533334e+02  -6.1337462e+01   1.0000000e+00
   2.7566666e+02  -6.1297069e+01   1.0000000e+00
   2.7571944e+02  -6.1291428e+01   1.0000000e+00
   2.7600000e+02  -6.1261639e+01   1.0000000e+00
   2.7633334e+02  -6.1241875e+01   1.0000000e+00
   2.7666666e+02  -6.1233427e+01   1.0000000e+00
   2.7700000e+02  -6.1229470e+01   1.0000000e+00
   2.7733334e+02  -6.1228575e+01   1.0000000e+00
   2.7766666e+02  -6.1228490e+01   1.0000000e+00
   2.7800000e+02  -6.1219839e+01   1.0000000e+00
   2.7833334e+02  -6.1202221e+01   1.0000000e+00
   2.7866666e+02  -6.1178834e+01   1.0000000e+00
   2.7900000e+02  -6.1144947e+01   1.0000000e+00
   2.7909388e+02  -6.1130898e+01   1.0000000e+00
   2.7933334e+02  -6.1088149e+01   1.0000000e+00
   2.7966666e+02  -6.1014448e+01   1.0000000e+00
   2.7984601e+02  -6.0969551e+01   1.0000000e+00
   2.8000000e+02  -6.0918685e+01   1.0000000e+00
   2.8030460e+02  -6.0807381e+01   1.0000000e+00
   2.8033334e+02  -6.0794861e+01   1.0000000e+00
   2.8066666e+02  -6.0658604e+01   1.0000000e+00
   2.8071467e+02  -6.0644386e+01   1.0000000e+00
   2.8100000e+02  -6.0565446e+01   1.0000000e+00
   2.8133334e+02  -6.0530364e+01   1.0000000e+00
   2.8166666e+02  -6.0545322e+01   1.0000000e+00
   2.8200000e+02  -6.0589852e+01   1.0000000e+00
   2.8233334e+02  -6.0632618e+01   1.0000000e+00
   2.8266666e+02  -6.0641294e+01   1.0000000e+00
   2.8300000e+02  -6.0613860e+01   1.0000000e+00
   2.8333334e+02  -6.0562769e+01   1.0000000e+00
   2.8366666e+02  -6.0495841e+01   1.0000000e+00
   2.8372584e+02  -6.0480560e+01   1.0000000e+00
   2.8400000e+02  -6.0418951e+01   1.0000000e+00
   2.8433334e+02  -6.0328084e+01   1.0000000e+00
   2.8437603e+02  -6.0315907e+01   1.0000000e+00
   2.8466666e+02  -6.0238160e+01   1.0000000e+00
   2.8500000e+02  -6.0170972e+01   1.0000000e+00
   2.8520588e+02  -6.0150417e+01   1.0000000e+00
   2.8533334e+02  -6.0136850e+01   1.0000000e+00
   2.8566666e+02  -6.0134615e+01   1.0000000e+00
   2.8596672e+02  -6.0150417e+01   1.0000000e+00
   2.8600000e+02  -6.0151901e+01   1.0000000e+00
   2.8633334e+02  -6.0168410e+01   1.0000000e+00
   2.8666666e+02  -6.0181810e+01   1.0000000e+00
   2.8700000e+02  -6.0190387e+01   1.0000000e+00
   2.8733334e+02  -6.0187989e+01   1.0000000e+00
   2.8766666e+02  -6.0179194e+01   1.0000000e+00
   2.8800000e+02  -6.0164057e+01   1.0000000e+00
   2.8816648e+02  -6.0150417e+01   1.0000000e+00
   2.8833334e+02  -6.0136243e+01   1.0000000e+00
   2.8866666e+02  -6.0082501e+01   1.0000000e+00
   2.8900000e+02  -5.9998078e+01   1.0000000e+00
   2.8903924e+02  -5.9984089e+01   1.0000000e+00
   2.8933334e+02  -5.9889906e+01   1.0000000e+00
   2.8952903e+02  -5.9816921e+01   1.0000000e+00
   2.8966666e+02  -5.9766593e+01   1.0000000e+00
   2.8998243e+02  -5.9648911e+01   1.0000000e+00
   2.9000000e+02  -5.9642745e+01   1.0000000e+00
   2.9033334e+02  -5.9521373e+01   1.0000000e+00
   2.9044818e+02  -5.9480057e+01   1.0000000e+00
   2.9066666e+02  -5.9408098e+01   1.0000000e+00
   2.9094641e+02  -5.9310352e+01   1.0000000e+00
   2.9100000e+02  -5.9292884e+01   1.0000000e+00
   2.9133334e+02  -5.9177505e+01   1.0000000e+00
   2.9144683e+02  -5.9139797e+01   1.0000000e+00
   2.9166666e+02  -5.9073042e+01   1.0000000e+00
   2.9200000e+02  -5.8971352e+01   1.0000000e+00
   2.9200933e+02  -5.8968388e+01   1.0000000e+00
   2.9233334e+02  -5.8874025e+01   1.0000000e+00
   2.9258941e+02  -5.8796120e+01   1.0000000e+00
   2.9266666e+02  -5.8772992e+01   1.0000000e+00
   2.9300000e+02  -5.8671528e+01   1.0000000e+00
   2.9315145e+02  -5.8622997e+01   1.0000000e+00
   2.9333334e+02  -5.8566092e+01   1.0000000e+00
   2.9366666e+02  -5.8457753e+01   1.0000000e+00
   2.9369299e+02  -5.8449009e+01   1.0000000e+00
   2.9400000e+02  -5.8345842e+01   1.0000000e+00
   2.9421528e+02  -5.8274158e+01   1.0000000e+00
   2.9433334e+02  -5.8231519e+01   1.0000000e+00
   2.9466666e+02  -5.8116766e+01   1.0000000e+00
   2.9472092e+02  -5.8098438e+01   1.0000000e+00
   2.9500000e+02  -5.8002900e+01   1.0000000e+00
   2.9526201e+02  -5.7921848e+01   1.0000000e+00
   2.9533334e+02  -5.7900305e+01   1.0000000e+00
   2.9566666e+02  -5.7812508e+01   1.0000000e+00
   2.9598694e+02  -5.7744385e+01   1.0000000e+00
   2.9600000e+02  -5.7741582e+01   1.0000000e+00
   2.9633334e+02  -5.7695444e+01   1.0000000e+00
   2.9666666e+02  -5.7646919e+01   1.0000000e+00
   2.9700000e+02  -5.7582732e+01   1.0000000e+00
   2.9706515e+02  -5.7566048e+01   1.0000000e+00
   2.9733334e+02  -5.7482961e+01   1.0000000e+00
   2.9757772e+02  -5.7386833e+01   1.0000000e+00
   2.9766666e+02  -5.7349765e+01   1.0000000e+00
   2.9798062e+02  -5.7206738e+01   1.0000000e+00
   2.9800000e+02  -5.7198882e+01   1.0000000e+00
   2.9833334e+02  -5.7079580e+01   1.0000000e+00
   2.9853671e+02  -5.7025761e+01   1.0000000e+00
   2.9866666e+02  -5.6992316e+01   1.0000000e+00
   2.9900000e+02  -5.6929851e+01   1.0000000e+00
   2.9933334e+02  -5.6896895e+01   1.0000000e+00
   2.9966666e+02  -5.6881311e+01   1.0000000e+00
   3.0000000e+02  -5.6875628e+01   1.0000000e+00
   3.0033334e+02  -5.6871210e+01   1.0000000e+00
   3.0066666e+02  -5.6863888e+01   1.0000000e+00
   3.0100000e+02  -5.6860502e+01   1.0000000e+00
   3.0133334e+02  -5.6851067e+01   1.0000000e+00
   3.0143945e+02  -5.6843895e+01   1.0000000e+00
   3.0166666e+02  -5.6828034e+01   1.0000000e+00
   3.0200000e+02  -5.6790991e+01   1.0000000e+00
   3.0233334e+02  -5.6739619e+01   1.0000000e+00
   3.0266666e+02  -5.6685152e+01   1.0000000e+00
   3.0280583e+02  -5.6661144e+01   1.0000000e+00
   3.0300000e+02  -5.6627114e+01   1.0000000e+00
   3.0333334e+02  -5.6560135e+01   1.0000000e+00
   3.0366666e+02  -5.6487308e+01   1.0000000e+00
   3.0371368e+02  -5.6477505e+01   1.0000000e+00
   3.0400000e+02  -5.6412756e+01   1.0000000e+00
   3.0433334e+02  -5.6349010e+01   1.0000000e+00
   3.0466666e+02  -5.6299328e+01   1.0000000e+00
   3.0470781e+02  -5.6292969e+01   1.0000000e+00
   3.0500000e+02  -5.6246276e+01   1.0000000e+00
   3.0533334e+02  -5.6167482e+01   1.0000000e+00
   3.0551537e+02  -5.6107536e+01   1.0000000e+00
   3.0566666e+02  -5.6054782e+01   1.0000000e+00
   3.0597632e+02  -5.5921211e+01   1.0000000e+00
   3.0600000e+02  -5.5910152e+01   1.0000000e+00
   3.0633334e+02  -5.5744589e+01   1.0000000e+00
   3.0635443e+02  -5.5733982e+01   1.0000000e+00
   3.0666666e+02  -5.5582424e+01   1.0000000e+00
   3.0674226e+02  -5.5545853e+01   1.0000000e+00
   3.0700000e+02  -5.5373728e+01   1.0000000e+00
   3.0702809e+02  -5.5356815e+01   1.0000000e+00
   3.0726801e+02  -5.5166874e+01   1.0000000e+00
   3.0733334e+02  -5.5101595e+01   1.0000000e+00
   3.0748235e+02  -5.4976025e+01   1.0000000e+00
   3.0760393e+02  -5.4784260e+01   1.0000000e+00
   3.0766666e+02  -5.4712495e+01   1.0000000e+00
   3.0784187e+02  -5.4591587e+01   1.0000000e+00
   3.0800000e+02  -5.4482737e+01   1.0000000e+00
   3.0816286e+02  -5.4397995e+01   1.0000000e+00
   3.0833334e+02  -5.4257298e+01   1.0000000e+00
   3.0838468e+02  -5.4203484e+01   1.0000000e+00
   3.0866514e+02  -5.4008053e+01   1.0000000e+00
   3.0866666e+02  -5.4007162e+01   1.0000000e+00
   3.0900000e+02  -5.4005076e+01   1.0000000e+00
   3.0933334e+02  -5.4002547e+01   1.0000000e+00
   3.0965411e+02  -5.3811703e+01   1.0000000e+00
   3.0933334e+02  -5.3618392e+01   1.0000000e+00
   3.0900000e+02  -5.3616230e+01   1.0000000e+00
   3.0899695e+02  -5.3614426e+01   1.0000000e+00
   3.0900000e+02  -5.3612613e+01   1.0000000e+00
   3.0933334e+02  -5.3610440e+01   1.0000000e+00
   3.0966666e+02  -5.3607922e+01   1.0000000e+00
   3.1000000e+02  -5.3604965e+01   1.0000000e+00
   3.1001591e+02  -5.3614426e+01   1.0000000e+00
   3.1033334e+02  -5.3797592e+01   1.0000000e+00
   3.1063930e+02  -5.3614426e+01   1.0000000e+00
   3.1064082e+02  -5.3416225e+01   1.0000000e+00
   3.1064139e+02  -5.3217094e+01   1.0000000e+00
   3.1033334e+02  -5.3029675e+01   1.0000000e+00
   3.1000000e+02  -5.3026656e+01   1.0000000e+00
   3.0966666e+02  -5.3023686e+01   1.0000000e+00
   3.0933334e+02  -5.3020873e+01   1.0000000e+00
   3.0900240e+02  -5.3217094e+01   1.0000000e+00
   3.0900000e+02  -5.3218531e+01   1.0000000e+00
   3.0882615e+02  -5.3217094e+01   1.0000000e+00
   3.0888278e+02  -5.3017033e+01   1.0000000e+00
   3.0898826e+02  -5.2816040e+01   1.0000000e+00
   3.0900000e+02  -5.2795927e+01   1.0000000e+00
   3.0910412e+02  -5.2614117e+01   1.0000000e+00
   3.0918407e+02  -5.2411255e+01   1.0000000e+00
   3.0921553e+02  -5.2207455e+01   1.0000000e+00
   3.0919562e+02  -5.2002716e+01   1.0000000e+00
   3.0919756e+02  -5.1797039e+01   1.0000000e+00
   3.0920451e+02  -5.1590416e+01   1.0000000e+00
   3.0930934e+02  -5.1382851e+01   1.0000000e+00
   3.0933334e+02  -5.1358296e+01   1.0000000e+00
   3.0956540e+02  -5.1174343e+01   1.0000000e+00
   3.0966666e+02  -5.1115818e+01   1.0000000e+00
   3.0994821e+02  -5.0964882e+01   1.0000000e+00
   3.1000000e+02  -5.0941027e+01   1.0000000e+00
   3.1033334e+02  -5.0779982e+01   1.0000000e+00
   3.1038392e+02  -5.0754475e+01   1.0000000e+00
   3.1066666e+02  -5.0619622e+01   1.0000000e+00
   3.1085155e+02  -5.0543118e+01   1.0000000e+00
   3.1100000e+02  -5.0498553e+01   1.0000000e+00
   3.1133334e+02  -5.0417603e+01   1.0000000e+00
   3.1166666e+02  -5.0351376e+01   1.0000000e+00
   3.1181765e+02  -5.0330811e+01   1.0000000e+00
   3.1200000e+02  -5.0309337e+01   1.0000000e+00
   3.1233334e+02  -5.0287114e+01   1.0000000e+00
   3.1266666e+02  -5.0267892e+01   1.0000000e+00
   3.1300000e+02  -5.0251817e+01   1.0000000e+00
   3.1333334e+02  -5.0242946e+01   1.0000000e+00
   3.1366666e+02  -5.0238113e+01   1.0000000e+00
   3.1400000e+02  -5.0237643e+01   1.0000000e+00
   3.1433334e+02  -5.0236033e+01   1.0000000e+00
   3.1466666e+02  -5.0227909e+01   1.0000000e+00
   3.1500000e+02  -5.0136845e+01   1.0000000e+00
   3.1533334e+02  -5.0127491e+01   1.0000000e+00
   3.1557708e+02  -5.0117550e+01   1.0000000e+00
   3.1566666e+02  -5.0100608e+01   1.0000000e+00
   3.1600000e+02  -4.9930041e+01   1.0000000e+00
   3.1633334e+02  -4.9911889e+01   1.0000000e+00
   3.1645444e+02  -4.9903336e+01   1.0000000e+00
   3.1666666e+02  -4.9838239e+01   1.0000000e+00
   3.1700000e+02  -4.9698388e+01   1.0000000e+00
   3.1712836e+02  -4.9688164e+01   1.0000000e+00
   3.1733334e+02  -4.9621427e+01   1.0000000e+00
   3.1766666e+02  -4.9504461e+01   1.0000000e+00
   3.1776052e+02  -4.9472034e+01   1.0000000e+00
   3.1800000e+02  -4.9390561e+01   1.0000000e+00
   3.1833334e+02  -4.9297814e+01   1.0000000e+00
   3.1850919e+02  -4.9254951e+01   1.0000000e+00
   3.1866666e+02  -4.9217722e+01   1.0000000e+00
   3.1900000e+02  -4.9141945e+01   1.0000000e+00
   3.1933334e+02  -4.9072838e+01   1.0000000e+00
   3.1949232e+02  -4.9036907e+01   1.0000000e+00
   3.1966666e+02  -4.8992948e+01   1.0000000e+00
   3.2000000e+02  -4.8897607e+01   1.0000000e+00
   3.2033084e+02  -4.8817902e+01   1.0000000e+00
   3.2033334e+02  -4.8817349e+01   1.0000000e+00
   3.2066666e+02  -4.8767180e+01   1.0000000e+00
   3.2100000e+02  -4.8744718e+01   1.0000000e+00
   3.2133334e+02  -4.8761106e+01   1.0000000e+00
   3.2166666e+02  -4.8794625e+01   1.0000000e+00
   3.2200000e+02  -4.8804655e+01   1.0000000e+00
   3.2233334e+02  -4.8791735e+01   1.0000000e+00
   3.2266666e+02  -4.8798135e+01   1.0000000e+00
   3.2292577e+02  -4.8817902e+01   1.0000000e+00
   3.2300000e+02  -4.8823188e+01   1.0000000e+00
   3.2333334e+02  -4.8821818e+01   1.0000000e+00
   3.2366666e+02  -4.8818796e+01   1.0000000e+00
   3.2400000e+02  -4.8869321e+01   1.0000000e+00
   3.2433334e+02  -4.8938975e+01   1.0000000e+00
   3.2466666e+02  -4.8975608e+01   1.0000000e+00
   3.2500000e+02  -4.8980518e+01   1.0000000e+00
   3.2533334e+02  -4.8960323e+01   1.0000000e+00
   3.2566666e+02  -4.8922947e+01   1.0000000e+00
   3.2600000e+02  -4.8877692e+01   1.0000000e+00
   3.2633334e+02  -4.8829447e+01   1.0000000e+00
   3.2641580e+02  -4.8817902e+01   1.0000000e+00
   3.2666666e+02  -4.8779898e+01   1.0000000e+00
   3.2700000e+02  -4.8732634e+01   1.0000000e+00
   3.2733334e+02  -4.8696877e+01   1.0000000e+00
   3.2766666e+02  -4.8658883e+01   1.0000000e+00
   3.2798164e+02  -4.8597935e+01   1.0000000e+00
   3.2800000e+02  -4.8594062e+01   1.0000000e+00
   3.2833334e+02  -4.8494268e+01   1.0000000e+00
   3.2863296e+02  -4.8377007e+01   1.0000000e+00
   3.2866666e+02  -4.8360617e+01   1.0000000e+00
   3.2900000e+02  -4.8212842e+01   1.0000000e+00
   3.2919043e+02  -4.8155117e+01   1.0000000e+00
   3.2933334e+02  -4.8115452e+01   1.0000000e+00
   3.2966666e+02  -4.8077870e+01   1.0000000e+00
   3.3000000e+02  -4.8098002e+01   1.0000000e+00
   3.3028119e+02  -4.8155117e+01   1.0000000e+00
   3.3033334e+02  -4.8167493e+01   1.0000000e+00
   3.3066666e+02  -4.8239366e+01   1.0000000e+00
   3.3100000e+02  -4.8286000e+01   1.0000000e+00
   3.3133334e+02  -4.8320189e+01   1.0000000e+00
   3.3166666e+02  -4.8326960e+01   1.0000000e+00
   3.3200000e+02  -4.8297074e+01   1.0000000e+00
   3.3233334e+02  -4.8224796e+01   1.0000000e+00
   3.3251021e+02  -4.8155117e+01   1.0000000e+00
   3.3266666e+02  -4.8081565e+01   1.0000000e+00
   3.3295145e+02  -4.7932262e+01   1.0000000e+00
   3.3300000e+02  -4.7903482e+01   1.0000000e+00
   3.3333334e+02  -4.7788446e+01   1.0000000e+00
   3.3366666e+02  -4.7736069e+01   1.0000000e+00
   3.3395345e+02  -4.7708447e+01   1.0000000e+00
   3.3400000e+02  -4.7703544e+01   1.0000000e+00
   3.3433334e+02  -4.7678416e+01   1.0000000e+00
   3.3466666e+02  -4.7648068e+01   1.0000000e+00
   3.3500000e+02  -4.7626625e+01   1.0000000e+00
   3.3533334e+02  -4.7647873e+01   1.0000000e+00
   3.3565244e+02  -4.7708447e+01   1.0000000e+00
   3.3566666e+02  -4.7711176e+01   1.0000000e+00
   3.3600000e+02  -4.7799275e+01   1.0000000e+00
   3.3633334e+02  -4.7881221e+01   1.0000000e+00
   3.3666666e+02  -4.7903471e+01   1.0000000e+00
   3.3700000e+02  -4.7898226e+01   1.0000000e+00
   3.3733114e+02  -4.7932262e+01   1.0000000e+00
   3.3733334e+02  -4.7932476e+01   1.0000000e+00
   3.3766666e+02  -4.7999983e+01   1.0000000e+00
   3.3800000e+02  -4.8073529e+01   1.0000000e+00
   3.3833334e+02  -4.8134182e+01   1.0000000e+00
   3.3845791e+02  -4.8155117e+01   1.0000000e+00
   3.3866666e+02  -4.8191352e+01   1.0000000e+00
   3.3900000e+02  -4.8282699e+01   1.0000000e+00
   3.3926523e+02  -4.8377007e+01   1.0000000e+00
   3.3933334e+02  -4.8401889e+01   1.0000000e+00
   3.3966666e+02  -4.8506519e+01   1.0000000e+00
   3.3991926e+02  -4.8597935e+01   1.0000000e+00
   3.4000000e+02  -4.8628239e+01   1.0000000e+00
   3.4033334e+02  -4.8756474e+01   1.0000000e+00
   3.4050394e+02  -4.8817902e+01   1.0000000e+00
   3.4066666e+02  -4.8872912e+01   1.0000000e+00
   3.4100000e+02  -4.8970894e+01   1.0000000e+00
   3.4133334e+02  -4.8995428e+01   1.0000000e+00
   3.4166666e+02  -4.8960358e+01   1.0000000e+00
   3.4200000e+02  -4.8918797e+01   1.0000000e+00
   3.4233334e+02  -4.8878911e+01   1.0000000e+00
   3.4266666e+02  -4.8845823e+01   1.0000000e+00
   3.4297105e+02  -4.8817902e+01   1.0000000e+00
   3.4300000e+02  -4.8815237e+01   1.0000000e+00
   3.4333334e+02  -4.8777197e+01   1.0000000e+00
   3.4366666e+02  -4.8740505e+01   1.0000000e+00
   3.4400000e+02  -4.8707868e+01   1.0000000e+00
   3.4433334e+02  -4.8676386e+01   1.0000000e+00
   3.4466666e+02  -4.8637059e+01   1.0000000e+00
   3.4484242e+02  -4.8597935e+01   1.0000000e+00
   3.4500000e+02  -4.8561414e+01   1.0000000e+00
   3.4533334e+02  -4.8447244e+01   1.0000000e+00
   3.4552953e+02  -4.8377007e+01   1.0000000e+00
   3.4566666e+02  -4.8323319e+01   1.0000000e+00
   3.4600000e+02  -4.8187206e+01   1.0000000e+00
   3.4607536e+02  -4.8155117e+01   1.0000000e+00
   3.4633334e+02  -4.8020730e+01   1.0000000e+00
   3.4651408e+02  -4.7932262e+01   1.0000000e+00
   3.4666666e+02  -4.7856610e+01   1.0000000e+00
   3.4699862e+02  -4.7708447e+01   1.0000000e+00
   3.4700000e+02  -4.7707812e+01   1.0000000e+00
   3.4733334e+02  -4.7575769e+01   1.0000000e+00
   3.4766666e+02  -4.7492503e+01   1.0000000e+00
   3.4770557e+02  -4.7483662e+01   1.0000000e+00
   3.4800000e+02  -4.7424069e+01   1.0000000e+00
   3.4833334e+02  -4.7360276e+01   1.0000000e+00
   3.4866666e+02  -4.7315027e+01   1.0000000e+00
   3.4900000e+02  -4.7289927e+01   1.0000000e+00
   3.4933334e+02  -4.7276163e+01   1.0000000e+00
   3.4966666e+02  -4.7262149e+01   1.0000000e+00
   3.4974219e+02  -4.7257912e+01   1.0000000e+00
   3.5000000e+02  -4.7243484e+01   1.0000000e+00
   3.5033334e+02  -4.7218867e+01   1.0000000e+00
   3.5066666e+02  -4.7190988e+01   1.0000000e+00
   3.5100000e+02  -4.7162930e+01   1.0000000e+00
   3.5133334e+02  -4.7132351e+01   1.0000000e+00
   3.5166666e+02  -4.7095685e+01   1.0000000e+00
   3.5200000e+02  -4.7056607e+01   1.0000000e+00
   3.5229380e+02  -4.7031197e+01   1.0000000e+00
   3.5233334e+02  -4.7027850e+01   1.0000000e+00
   3.5266666e+02  -4.7023234e+01   1.0000000e+00
   3.5300000e+02  -4.7030474e+01   1.0000000e+00
   3.5309523e+02  -4.7031197e+01   1.0000000e+00
   3.5333334e+02  -4.7033033e+01   1.0000000e+00
   3.5344206e+02  -4.7031197e+01   1.0000000e+00
   3.5366666e+02  -4.7027392e+01   1.0000000e+00
   3.5400000e+02  -4.7018004e+01   1.0000000e+00
   3.5433334e+02  -4.7007859e+01   1.0000000e+00
   3.5466666e+02  -4.6986447e+01   1.0000000e+00
   3.5500000e+02  -4.6958641e+01   1.0000000e+00
   3.5533334e+02  -4.6958331e+01   1.0000000e+00
   3.5566666e+02  -4.6946175e+01   1.0000000e+00
   3.5600000e+02  -4.6909699e+01   1.0000000e+00
   3.5633334e+02  -4.6868582e+01   1.0000000e+00
   3.5666666e+02  -4.6844194e+01   1.0000000e+00
   3.5700000e+02  -4.6843482e+01   1.0000000e+00
   3.5733334e+02  -4.6860374e+01   1.0000000e+00
   3.5766666e+02  -4.6894340e+01   1.0000000e+00
   3.5800000e+02  -4.6961171e+01   1.0000000e+00
   3.5828078e+02  -4.7031197e+01   1.0000000e+00
   3.5833334e+02  -4.7045014e+01   1.0000000e+00
   3.5866666e+02  -4.7100725e+01   1.0000000e+00
   3.5900000e+02  -4.7131570e+01   1.0000000e+00
   3.5933334e+02  -4.7154163e+01   1.0000000e+00
   3.5962599e+02  -4.7257912e+01   1.0000000e+00
   3.5966666e+02  -4.7272361e+01   1.0000000e+00
   3.6000000e+02  -4.7447490e+01   1.0000000e+00
